38 6 2 40 25000000000 25000000000
32 33 34 35 36 37 
0 32 25000000000 2us 0
1 32 25000000000 2us 0
2 32 25000000000 2us 0
3 32 25000000000 2us 0
4 32 25000000000 2us 0
5 32 25000000000 2us 0
6 32 25000000000 2us 0
7 32 25000000000 2us 0
8 32 25000000000 2us 0
9 32 25000000000 2us 0
10 32 25000000000 2us 0
11 32 25000000000 2us 0
12 32 25000000000 2us 0
13 32 25000000000 2us 0
14 32 25000000000 2us 0
15 32 25000000000 2us 0
16 33 25000000000 2us 0
17 33 25000000000 2us 0
18 33 25000000000 2us 0
19 33 25000000000 2us 0
20 33 25000000000 2us 0
21 33 25000000000 2us 0
22 33 25000000000 2us 0
23 33 25000000000 2us 0
24 33 25000000000 2us 0
25 33 25000000000 2us 0
26 33 25000000000 2us 0
27 33 25000000000 2us 0
28 33 25000000000 2us 0
29 33 25000000000 2us 0
30 33 25000000000 2us 0
31 33 25000000000 2us 0
32 34 25000000000 2us 0
32 35 25000000000 2us 0
32 36 25000000000 2us 0
32 37 25000000000 2us 0
33 34 25000000000 2us 0
33 35 25000000000 2us 0
33 36 25000000000 2us 0
33 37 25000000000 2us 0
