1960421 804 1 1 1
1960839 807 1 1 1
1968990 804 1 1 0
1970035 807 1 1 0
1978014 804 1 1 1
1979059 807 1 1 1
1987382 804 1 1 0
1988427 807 1 1 0
1996406 804 1 1 1
1997451 807 1 1 1
2005774 804 1 1 0
2006819 807 1 1 0
2014798 804 1 1 1
2015843 807 1 1 1
2024166 804 1 1 0
2025211 807 1 1 0
2033190 804 1 1 1
2034235 807 1 1 1
2042558 804 1 1 0
2043603 807 1 1 0
2051582 804 1 1 1
2052627 807 1 1 1
2060950 804 1 1 0
2061995 807 1 1 0
2069974 804 1 1 1
2071019 807 1 1 1
2079342 804 1 1 0
2080387 807 1 1 0
2088366 804 1 1 1
2089411 807 1 1 1
2097734 804 1 1 0
2098779 807 1 1 0
2106758 804 1 1 1
2107803 807 1 1 1
2116126 804 1 1 0
2117171 807 1 1 0
2125150 804 1 1 1
2126195 807 1 1 1
2134518 804 1 1 0
2135563 807 1 1 0
2143542 804 1 1 1
2144587 807 1 1 1
2152910 804 1 1 0
2153955 807 1 1 0
2161934 804 1 1 1
2162979 807 1 1 1
2171302 804 1 1 0
2172347 807 1 1 0
2180326 804 1 1 1
2181371 807 1 1 1
2189694 804 1 1 0
2190739 807 1 1 0
2198718 804 1 1 1
2199763 807 1 1 1
2208086 804 1 1 0
2209131 807 1 1 0
2217110 804 1 1 1
2218155 807 1 1 1
2226478 804 1 1 0
2227523 807 1 1 0
2235502 804 1 1 1
2236547 807 1 1 1
2244870 804 1 1 0
2245915 807 1 1 0
2253894 804 1 1 1
2254939 807 1 1 1
2263262 804 1 1 0
2264307 807 1 1 0
2272286 804 1 1 1
2273331 807 1 1 1
2281654 804 1 1 0
2282699 807 1 1 0
2290678 804 1 1 1
2291723 807 1 1 1
2300046 804 1 1 0
2301091 807 1 1 0
2309070 804 1 1 1
2310115 807 1 1 1
2318438 804 1 1 0
2319483 807 1 1 0
2327462 804 1 1 1
2328507 807 1 1 1
2336830 804 1 1 0
2337875 807 1 1 0
2345854 804 1 1 1
2346899 807 1 1 1
2355222 804 1 1 0
2356267 807 1 1 0
2364246 804 1 1 1
2365291 807 1 1 1
2373614 804 1 1 0
2374659 807 1 1 0
2382638 804 1 1 1
2383683 807 1 1 1
2392006 804 1 1 0
2393051 807 1 1 0
2401030 804 1 1 1
2402075 807 1 1 1
2410398 804 1 1 0
2411443 807 1 1 0
2419422 804 1 1 1
2420467 807 1 1 1
2428790 804 1 1 0
2429835 807 1 1 0
2437814 804 1 1 1
2438859 807 1 1 1
2447182 804 1 1 0
2448227 807 1 1 0
2456206 804 1 1 1
2457251 807 1 1 1
2465574 804 1 1 0
2466619 807 1 1 0
2474598 804 1 1 1
2475643 807 1 1 1
2483966 804 1 1 0
2485011 807 1 1 0
2492990 804 1 1 1
2494035 807 1 1 1
2502358 804 1 1 0
2503403 807 1 1 0
2511382 804 1 1 1
2512427 807 1 1 1
2520750 804 1 1 0
2521795 807 1 1 0
2529774 804 1 1 1
2530819 807 1 1 1
2539142 804 1 1 0
2540187 807 1 1 0
2548166 804 1 1 1
2549211 807 1 1 1
2557534 804 1 1 0
2558579 807 1 1 0
2566558 804 1 1 1
2567603 807 1 1 1
2575926 804 1 1 0
2576971 807 1 1 0
2584950 804 1 1 1
2585995 807 1 1 1
2594318 804 1 1 0
2595363 807 1 1 0
2603342 804 1 1 1
2604387 807 1 1 1
2612710 804 1 1 0
2613755 807 1 1 0
2621734 804 1 1 1
2622779 807 1 1 1
2631102 804 1 1 0
2632147 807 1 1 0
2640126 804 1 1 1
2641171 807 1 1 1
2649494 804 1 1 0
2650539 807 1 1 0
2658518 804 1 1 1
2659563 807 1 1 1
2667886 804 1 1 0
2668931 807 1 1 0
2676910 804 1 1 1
2677955 807 1 1 1
2686278 804 1 1 0
2687323 807 1 1 0
2695302 804 1 1 1
2696347 807 1 1 1
2704670 804 1 1 0
2705715 807 1 1 0
2713694 804 1 1 1
2714739 807 1 1 1
2723062 804 1 1 0
2724107 807 1 1 0
2732086 804 1 1 1
2733131 807 1 1 1
2741454 804 1 1 0
2742499 807 1 1 0
2750478 804 1 1 1
2751523 807 1 1 1
2759846 804 1 1 0
2760891 807 1 1 0
2768870 804 1 1 1
2769915 807 1 1 1
2778238 804 1 1 0
2779283 807 1 1 0
2787262 804 1 1 1
2788307 807 1 1 1
2796630 804 1 1 0
2797675 807 1 1 0
2805654 804 1 1 1
2806699 807 1 1 1
2815022 804 1 1 0
2816067 807 1 1 0
2824046 804 1 1 1
2825091 807 1 1 1
2833414 804 1 1 0
2834459 807 1 1 0
2842438 804 1 1 1
2843483 807 1 1 1
2851806 804 1 1 0
2852851 807 1 1 0
2860830 804 1 1 1
2861875 807 1 1 1
2870198 804 1 1 0
2871243 807 1 1 0
2879222 804 1 1 1
2880267 807 1 1 1
2888590 804 1 1 0
2889635 807 1 1 0
2897614 804 1 1 1
2898659 807 1 1 1
2906982 804 1 1 0
2908027 807 1 1 0
2916006 804 1 1 1
2917051 807 1 1 1
2924747 804 1 1 0
2927046 807 1 1 0
2934189 804 1 1 1
2935234 807 1 1 1
2935406 807 1 1 0
2935443 807 1 1 1
2943557 804 1 1 0
2944184 807 1 1 0
2952163 804 1 1 1
2953208 807 1 1 1
2961531 804 1 1 0
2962576 807 1 1 0
2970555 804 1 1 1
2971600 807 1 1 1
2979923 804 1 1 0
2980968 807 1 1 0
2988947 804 1 1 1
2989992 807 1 1 1
2998315 804 1 1 0
2999360 807 1 1 0
3007339 804 1 1 1
3008384 807 1 1 1
3016707 804 1 1 0
3017752 807 1 1 0
3025731 804 1 1 1
3026776 807 1 1 1
3035099 804 1 1 0
3036144 807 1 1 0
3044123 804 1 1 1
3045168 807 1 1 1
3053491 804 1 1 0
3054536 807 1 1 0
3062515 804 1 1 1
3063560 807 1 1 1
3071883 804 1 1 0
3072928 807 1 1 0
3080907 804 1 1 1
3081952 807 1 1 1
3090275 804 1 1 0
3091320 807 1 1 0
3099299 804 1 1 1
3100344 807 1 1 1
3108667 804 1 1 0
3109712 807 1 1 0
3117691 804 1 1 1
3118736 807 1 1 1
3127059 804 1 1 0
3128104 807 1 1 0
3136083 804 1 1 1
3137128 807 1 1 1
3145451 804 1 1 0
3146496 807 1 1 0
3154475 804 1 1 1
3155520 807 1 1 1
3163843 804 1 1 0
3164888 807 1 1 0
3172867 804 1 1 1
3173912 807 1 1 1
3182235 804 1 1 0
3183280 807 1 1 0
3191259 804 1 1 1
3192304 807 1 1 1
3200627 804 1 1 0
3201672 807 1 1 0
3209651 804 1 1 1
3210696 807 1 1 1
3219019 804 1 1 0
3220064 807 1 1 0
3228043 804 1 1 1
3229088 807 1 1 1
3237411 804 1 1 0
3238456 807 1 1 0
3246435 804 1 1 1
3247480 807 1 1 1
3255803 804 1 1 0
3256848 807 1 1 0
3264827 804 1 1 1
3265872 807 1 1 1
3274195 804 1 1 0
3275240 807 1 1 0
3283219 804 1 1 1
3284264 807 1 1 1
3292587 804 1 1 0
3293632 807 1 1 0
3301611 804 1 1 1
3302656 807 1 1 1
3310979 804 1 1 0
3312024 807 1 1 0
3320003 804 1 1 1
3321048 807 1 1 1
3329371 804 1 1 0
3330416 807 1 1 0
3338395 804 1 1 1
3339440 807 1 1 1
3347763 804 1 1 0
3348808 807 1 1 0
3356787 804 1 1 1
3357832 807 1 1 1
3366155 804 1 1 0
3367200 807 1 1 0
3375179 804 1 1 1
3376224 807 1 1 1
3384547 804 1 1 0
3385592 807 1 1 0
3393571 804 1 1 1
3394616 807 1 1 1
3402939 804 1 1 0
3403984 807 1 1 0
3411963 804 1 1 1
3413008 807 1 1 1
3421331 804 1 1 0
3422376 807 1 1 0
3430355 804 1 1 1
3431400 807 1 1 1
3439723 804 1 1 0
3440768 807 1 1 0
3448747 804 1 1 1
3449792 807 1 1 1
3458115 804 1 1 0
3459160 807 1 1 0
3467139 804 1 1 1
3468184 807 1 1 1
3476507 804 1 1 0
3477552 807 1 1 0
3485531 804 1 1 1
3486576 807 1 1 1
3494899 804 1 1 0
3495944 807 1 1 0
3503923 804 1 1 1
3504968 807 1 1 1
3513291 804 1 1 0
3514336 807 1 1 0
3522315 804 1 1 1
3523360 807 1 1 1
3531683 804 1 1 0
3532728 807 1 1 0
3540707 804 1 1 1
3541752 807 1 1 1
3546612 769 1 32 1
3546821 769 1 29 1
3550075 804 1 1 0
3551120 807 1 1 0
3556472 769 1 29 0
3557517 769 1 32 0
3559099 804 1 1 1
3560144 807 1 1 1
3565496 769 1 29 1
3566541 769 1 32 1
3568467 804 1 1 0
3569512 807 1 1 0
3574864 769 1 29 0
3575909 769 1 32 0
3577491 804 1 1 1
3578536 807 1 1 1
3583888 769 1 29 1
3584933 769 1 32 1
3586859 804 1 1 0
3587904 807 1 1 0
3593256 769 1 29 0
3594301 769 1 32 0
3595883 804 1 1 1
3596928 807 1 1 1
3602280 769 1 29 1
3603325 769 1 32 1
3605251 804 1 1 0
3606296 807 1 1 0
3611648 769 1 29 0
3612693 769 1 32 0
3614275 804 1 1 1
3615320 807 1 1 1
3620672 769 1 29 1
3621717 769 1 32 1
3623643 804 1 1 0
3624688 807 1 1 0
3630040 769 1 29 0
3631085 769 1 32 0
3632667 804 1 1 1
3633712 807 1 1 1
3639064 769 1 29 1
3640109 769 1 32 1
3642035 804 1 1 0
3643080 807 1 1 0
3648432 769 1 29 0
3649477 769 1 32 0
3651059 804 1 1 1
3652104 807 1 1 1
3657456 769 1 29 1
3658501 769 1 32 1
3660427 804 1 1 0
3661472 807 1 1 0
3666824 769 1 29 0
3667869 769 1 32 0
3669451 804 1 1 1
3670496 807 1 1 1
3675848 769 1 29 1
3676893 769 1 32 1
3678819 804 1 1 0
3679864 807 1 1 0
3685216 769 1 29 0
3686261 769 1 32 0
3687843 804 1 1 1
3688888 807 1 1 1
3694240 769 1 29 1
3695285 769 1 32 1
3697211 804 1 1 0
3698256 807 1 1 0
3703608 769 1 29 0
3704653 769 1 32 0
3706235 804 1 1 1
3707280 807 1 1 1
3712632 769 1 29 1
3713677 769 1 32 1
3715603 804 1 1 0
3716648 807 1 1 0
3722000 769 1 29 0
3723045 769 1 32 0
3724627 804 1 1 1
3725672 807 1 1 1
3731024 769 1 29 1
3732069 769 1 32 1
3733995 804 1 1 0
3735040 807 1 1 0
3740392 769 1 29 0
3741437 769 1 32 0
3743019 804 1 1 1
3744064 807 1 1 1
3749416 769 1 29 1
3750461 769 1 32 1
3752387 804 1 1 0
3753432 807 1 1 0
3758784 769 1 29 0
3759829 769 1 32 0
3761411 804 1 1 1
3762456 807 1 1 1
3767808 769 1 29 1
3768853 769 1 32 1
3770779 804 1 1 0
3771824 807 1 1 0
3777176 769 1 29 0
3778221 769 1 32 0
3779803 804 1 1 1
3780848 807 1 1 1
3786200 769 1 29 1
3787245 769 1 32 1
3789171 804 1 1 0
3790216 807 1 1 0
3795568 769 1 29 0
3796613 769 1 32 0
3798195 804 1 1 1
3799240 807 1 1 1
3804592 769 1 29 1
3805637 769 1 32 1
3807563 804 1 1 0
3808608 807 1 1 0
3813960 769 1 29 0
3815005 769 1 32 0
3816587 804 1 1 1
3817632 807 1 1 1
3822984 769 1 29 1
3824029 769 1 32 1
3825955 804 1 1 0
3827000 807 1 1 0
3832352 769 1 29 0
3833397 769 1 32 0
3834979 804 1 1 1
3836024 807 1 1 1
3841376 769 1 29 1
3842421 769 1 32 1
3844347 804 1 1 0
3845392 807 1 1 0
3850744 769 1 29 0
3851789 769 1 32 0
3853371 804 1 1 1
3854416 807 1 1 1
3859768 769 1 29 1
3860813 769 1 32 1
3862739 804 1 1 0
3863784 807 1 1 0
3869136 769 1 29 0
3870181 769 1 32 0
3871763 804 1 1 1
3872808 807 1 1 1
3878160 769 1 29 1
3879205 769 1 32 1
3879877 804 1 1 0
3883430 807 1 1 0
3886274 769 1 29 0
3889737 804 1 1 1
3889827 769 1 32 0
3889909 804 1 1 0
3889946 804 1 1 1
3891618 807 1 1 1
3891790 807 1 1 0
3891827 807 1 1 1
3896343 769 1 29 1
3898224 769 1 32 1
3899941 807 1 1 0
3900568 804 1 1 0
3906338 769 1 32 0
3906965 769 1 29 0
3908547 807 1 1 1
3908719 807 1 1 0
3908756 804 1 1 1
3908965 807 1 1 1
3915153 769 1 29 1
3915362 769 1 32 1
3917706 804 1 1 0
3918333 807 1 1 0
3924103 769 1 29 0
3924730 769 1 32 0
3926521 804 1 1 1
3927357 807 1 1 1
3932918 769 1 29 1
3933754 769 1 32 1
3935680 804 1 1 0
3936725 807 1 1 0
3942077 769 1 29 0
3943122 769 1 32 0
3944704 804 1 1 1
3945749 807 1 1 1
3951101 769 1 29 1
3952146 769 1 32 1
3954072 804 1 1 0
3955117 807 1 1 0
3960469 769 1 29 0
3961514 769 1 32 0
3963096 804 1 1 1
3964141 807 1 1 1
3969493 769 1 29 1
3970538 769 1 32 1
3972464 804 1 1 0
3973509 807 1 1 0
3978861 769 1 29 0
3979906 769 1 32 0
3981488 804 1 1 1
3982533 807 1 1 1
3987885 769 1 29 1
3988930 769 1 32 1
3990856 804 1 1 0
3991901 807 1 1 0
3997253 769 1 29 0
3998298 769 1 32 0
3999880 804 1 1 1
4000925 807 1 1 1
4006277 769 1 29 1
4007322 769 1 32 1
4009248 804 1 1 0
4010293 807 1 1 0
4015645 769 1 29 0
4016690 769 1 32 0
4018272 804 1 1 1
4019317 807 1 1 1
4024669 769 1 29 1
4025714 769 1 32 1
4027640 804 1 1 0
4028685 807 1 1 0
4034037 769 1 29 0
4035082 769 1 32 0
4036664 804 1 1 1
4037709 807 1 1 1
4043061 769 1 29 1
4044106 769 1 32 1
4046032 804 1 1 0
4047077 807 1 1 0
4052429 769 1 29 0
4053474 769 1 32 0
4055056 804 1 1 1
4056101 807 1 1 1
4061453 769 1 29 1
4062498 769 1 32 1
4064424 804 1 1 0
4065469 807 1 1 0
4070821 769 1 29 0
4071866 769 1 32 0
4073448 804 1 1 1
4074493 807 1 1 1
4079845 769 1 29 1
4080890 769 1 32 1
4082816 804 1 1 0
4083861 807 1 1 0
4089213 769 1 29 0
4090258 769 1 32 0
4091840 804 1 1 1
4092885 807 1 1 1
4098237 769 1 29 1
4099282 769 1 32 1
4101208 804 1 1 0
4102253 807 1 1 0
4107605 769 1 29 0
4108650 769 1 32 0
4110232 804 1 1 1
4111277 807 1 1 1
4116629 769 1 29 1
4117674 769 1 32 1
4119600 804 1 1 0
4120645 807 1 1 0
4125997 769 1 29 0
4127042 769 1 32 0
4128624 804 1 1 1
4129669 807 1 1 1
4135021 769 1 29 1
4136066 769 1 32 1
4137992 804 1 1 0
4139037 807 1 1 0
4144389 769 1 29 0
4145434 769 1 32 0
4147016 804 1 1 1
4148061 807 1 1 1
4153413 769 1 29 1
4154458 769 1 32 1
4156384 804 1 1 0
4157429 807 1 1 0
4162781 769 1 29 0
4163826 769 1 32 0
4165408 804 1 1 1
4166453 807 1 1 1
4171805 769 1 29 1
4172850 769 1 32 1
4174776 804 1 1 0
4175821 807 1 1 0
4181173 769 1 29 0
4182218 769 1 32 0
4183800 804 1 1 1
4184845 807 1 1 1
4190197 769 1 29 1
4191242 769 1 32 1
4193168 804 1 1 0
4194213 807 1 1 0
4199565 769 1 29 0
4200610 769 1 32 0
4202192 804 1 1 1
4203237 807 1 1 1
4208589 769 1 29 1
4209634 769 1 32 1
4211560 804 1 1 0
4212605 807 1 1 0
4217957 769 1 29 0
4219002 769 1 32 0
4220584 804 1 1 1
4221629 807 1 1 1
4226981 769 1 29 1
4228026 769 1 32 1
4229952 804 1 1 0
4230997 807 1 1 0
4236349 769 1 29 0
4237394 769 1 32 0
4238976 804 1 1 1
4240021 807 1 1 1
4245373 769 1 29 1
4246418 769 1 32 1
4248344 804 1 1 0
4249389 807 1 1 0
4254741 769 1 29 0
4255786 769 1 32 0
4257368 804 1 1 1
4258413 807 1 1 1
4263765 769 1 29 1
4264810 769 1 32 1
4266736 804 1 1 0
4267781 807 1 1 0
4273133 769 1 29 0
4274178 769 1 32 0
4275760 804 1 1 1
4276805 807 1 1 1
4282157 769 1 29 1
4283202 769 1 32 1
4285128 804 1 1 0
4286173 807 1 1 0
4291525 769 1 29 0
4292570 769 1 32 0
4294152 804 1 1 1
4295197 807 1 1 1
4300549 769 1 29 1
4301594 769 1 32 1
4303520 804 1 1 0
4304565 807 1 1 0
4309917 769 1 29 0
4310962 769 1 32 0
4312544 804 1 1 1
4313589 807 1 1 1
4318941 769 1 29 1
4319986 769 1 32 1
4321912 804 1 1 0
4322957 807 1 1 0
4328309 769 1 29 0
4329354 769 1 32 0
4330936 804 1 1 1
4331981 807 1 1 1
4337333 769 1 29 1
4338378 769 1 32 1
4340304 804 1 1 0
4341349 807 1 1 0
4346701 769 1 29 0
4347746 769 1 32 0
4349328 804 1 1 1
4350373 807 1 1 1
4355725 769 1 29 1
4356770 769 1 32 1
4358696 804 1 1 0
4359741 807 1 1 0
4365093 769 1 29 0
4366138 769 1 32 0
4367720 804 1 1 1
4368765 807 1 1 1
4374117 769 1 29 1
4375162 769 1 32 1
4377088 804 1 1 0
4378133 807 1 1 0
4383485 769 1 29 0
4384530 769 1 32 0
4386112 804 1 1 1
4387157 807 1 1 1
4392509 769 1 29 1
4393554 769 1 32 1
4395480 804 1 1 0
4396525 807 1 1 0
4401877 769 1 29 0
4402922 769 1 32 0
4404504 804 1 1 1
4405549 807 1 1 1
4410901 769 1 29 1
4411946 769 1 32 1
4413872 804 1 1 0
4414917 807 1 1 0
4420269 769 1 29 0
4421314 769 1 32 0
4422896 804 1 1 1
4423941 807 1 1 1
4429293 769 1 29 1
4430338 769 1 32 1
4432264 804 1 1 0
4433309 807 1 1 0
4438661 769 1 29 0
4439706 769 1 32 0
4441288 804 1 1 1
4442333 807 1 1 1
4447685 769 1 29 1
4448730 769 1 32 1
4450656 804 1 1 0
4451701 807 1 1 0
4457053 769 1 29 0
4458098 769 1 32 0
4459680 804 1 1 1
4460725 807 1 1 1
4466077 769 1 29 1
4467122 769 1 32 1
4469048 804 1 1 0
4470093 807 1 1 0
4475445 769 1 29 0
4476490 769 1 32 0
4478072 804 1 1 1
4479117 807 1 1 1
4484469 769 1 29 1
4485514 769 1 32 1
4487440 804 1 1 0
4488485 807 1 1 0
4493472 24 0 1 1
4493681 47 0 1 1
4493837 769 1 29 0
4494882 769 1 32 0
4496464 804 1 1 1
4497509 807 1 1 1
4500025 47 0 1 0
4501070 24 0 1 0
4502861 769 1 29 1
4503906 769 1 32 1
4505832 804 1 1 0
4506877 807 1 1 0
4509467 47 0 1 1
4509885 24 0 1 1
4512229 769 1 29 0
4513274 769 1 32 0
4514856 804 1 1 1
4515901 807 1 1 1
4518626 47 0 1 0
4519880 24 0 1 0
4521253 769 1 29 1
4522298 769 1 32 1
4524224 804 1 1 0
4525269 807 1 1 0
4528068 47 0 1 1
4528904 24 0 1 1
4530621 769 1 29 0
4531666 769 1 32 0
4533248 804 1 1 1
4534293 807 1 1 1
4537436 47 0 1 0
4538272 24 0 1 0
4539645 769 1 29 1
4540690 769 1 32 1
4542616 804 1 1 0
4543661 807 1 1 0
4546460 47 0 1 1
4547296 24 0 1 1
4549013 769 1 29 0
4550058 769 1 32 0
4551640 804 1 1 1
4552685 807 1 1 1
4555828 47 0 1 0
4556664 24 0 1 0
4558037 769 1 29 1
4559082 769 1 32 1
4561008 804 1 1 0
4562053 807 1 1 0
4564852 47 0 1 1
4565688 24 0 1 1
4567405 769 1 29 0
4568450 769 1 32 0
4570032 804 1 1 1
4571077 807 1 1 1
4574220 47 0 1 0
4575056 24 0 1 0
4576429 769 1 29 1
4577474 769 1 32 1
4579400 804 1 1 0
4580445 807 1 1 0
4583244 47 0 1 1
4584080 24 0 1 1
4585797 769 1 29 0
4586842 769 1 32 0
4588424 804 1 1 1
4589469 807 1 1 1
4592612 47 0 1 0
4593448 24 0 1 0
4594821 769 1 29 1
4595866 769 1 32 1
4597792 804 1 1 0
4598837 807 1 1 0
4601636 47 0 1 1
4602472 24 0 1 1
4604189 769 1 29 0
4605234 769 1 32 0
4606816 804 1 1 1
4607861 807 1 1 1
4611004 47 0 1 0
4611840 24 0 1 0
4613213 769 1 29 1
4614258 769 1 32 1
4616184 804 1 1 0
4617229 807 1 1 0
4620028 47 0 1 1
4620864 24 0 1 1
4622581 769 1 29 0
4623626 769 1 32 0
4625208 804 1 1 1
4626253 807 1 1 1
4629396 47 0 1 0
4630232 24 0 1 0
4631605 769 1 29 1
4632650 769 1 32 1
4634576 804 1 1 0
4635621 807 1 1 0
4638420 47 0 1 1
4639256 24 0 1 1
4640973 769 1 29 0
4642018 769 1 32 0
4643600 804 1 1 1
4644645 807 1 1 1
4647788 47 0 1 0
4648624 24 0 1 0
4649997 769 1 29 1
4651042 769 1 32 1
4652968 804 1 1 0
4654013 807 1 1 0
4656812 47 0 1 1
4657648 24 0 1 1
4659365 769 1 29 0
4660410 769 1 32 0
4661992 804 1 1 1
4663037 807 1 1 1
4666180 47 0 1 0
4667016 24 0 1 0
4668389 769 1 29 1
4669434 769 1 32 1
4671360 804 1 1 0
4672405 807 1 1 0
4675204 47 0 1 1
4676040 24 0 1 1
4677757 769 1 29 0
4678802 769 1 32 0
4680384 804 1 1 1
4681429 807 1 1 1
4684572 47 0 1 0
4685408 24 0 1 0
4686781 769 1 29 1
4687826 769 1 32 1
4689752 804 1 1 0
4690797 807 1 1 0
4693596 47 0 1 1
4694432 24 0 1 1
4696149 769 1 29 0
4697194 769 1 32 0
4698776 804 1 1 1
4699821 807 1 1 1
4702964 47 0 1 0
4703800 24 0 1 0
4705173 769 1 29 1
4706218 769 1 32 1
4708144 804 1 1 0
4709189 807 1 1 0
4711988 47 0 1 1
4712824 24 0 1 1
4714541 769 1 29 0
4715586 769 1 32 0
4717168 804 1 1 1
4718213 807 1 1 1
4721356 47 0 1 0
4722192 24 0 1 0
4723565 769 1 29 1
4724610 769 1 32 1
4726536 804 1 1 0
4727581 807 1 1 0
4730380 47 0 1 1
4731216 24 0 1 1
4732933 769 1 29 0
4733978 769 1 32 0
4735560 804 1 1 1
4736605 807 1 1 1
4739748 47 0 1 0
4740584 24 0 1 0
4741957 769 1 29 1
4743002 769 1 32 1
4744928 804 1 1 0
4745973 807 1 1 0
4748772 47 0 1 1
4749608 24 0 1 1
4751325 769 1 29 0
4752370 769 1 32 0
4753952 804 1 1 1
4754997 807 1 1 1
4758140 47 0 1 0
4758976 24 0 1 0
4760349 769 1 29 1
4761394 769 1 32 1
4763320 804 1 1 0
4764365 807 1 1 0
4767164 47 0 1 1
4768000 24 0 1 1
4769717 769 1 29 0
4770762 769 1 32 0
4772344 804 1 1 1
4773389 807 1 1 1
4776532 47 0 1 0
4777368 24 0 1 0
4778741 769 1 29 1
4779786 769 1 32 1
4781712 804 1 1 0
4782757 807 1 1 0
4785556 47 0 1 1
4786392 24 0 1 1
4788109 769 1 29 0
4789154 769 1 32 0
4790736 804 1 1 1
4791781 807 1 1 1
4794924 47 0 1 0
4795760 24 0 1 0
4797133 769 1 29 1
4798178 769 1 32 1
4800104 804 1 1 0
4801149 807 1 1 0
4803948 47 0 1 1
4804784 24 0 1 1
4806501 769 1 29 0
4807546 769 1 32 0
4809128 804 1 1 1
4810173 807 1 1 1
4813316 47 0 1 0
4814152 24 0 1 0
4815525 769 1 29 1
4816570 769 1 32 1
4818496 804 1 1 0
4819541 807 1 1 0
4822340 47 0 1 1
4823176 24 0 1 1
4824893 769 1 29 0
4825938 769 1 32 0
4827520 804 1 1 1
4828565 807 1 1 1
4831708 47 0 1 0
4832544 24 0 1 0
4833917 769 1 29 1
4834962 769 1 32 1
4835634 804 1 1 0
4840441 807 1 1 0
4840732 47 0 1 1
4841568 24 0 1 1
4842031 769 1 29 0
4846748 804 1 1 1
4846838 769 1 32 0
4846920 804 1 1 0
4846957 804 1 1 1
4848629 807 1 1 1
4848801 807 1 1 0
4848838 807 1 1 1
4848846 47 0 1 0
4853354 769 1 29 1
4853444 24 0 1 0
4855235 769 1 32 1
4855280 807 1 1 0
4858833 804 1 1 0
4860378 47 0 1 1
4861214 24 0 1 1
4861677 769 1 32 0
4864931 807 1 1 1
4865230 769 1 29 0
4865767 804 1 1 1
4865939 804 1 1 0
4865976 804 1 1 1
4868074 24 0 1 0
4871328 769 1 32 1
4871418 47 0 1 0
4872373 769 1 29 1
4874299 807 1 1 0
4874508 804 1 1 0
4878143 47 0 1 1
4878561 24 0 1 1
4880696 769 1 32 0
4880905 769 1 29 0
4882696 807 1 1 1
4883532 804 1 1 1
4887093 24 0 1 0
4887929 47 0 1 0
4889093 769 1 32 1
4889929 769 1 29 1
4892064 807 1 1 0
4892691 804 1 1 0
4895699 24 0 1 1
4896326 47 0 1 1
4898461 769 1 32 0
4899088 769 1 29 0
4900879 807 1 1 1
4901715 804 1 1 1
4905067 24 0 1 0
4905276 47 0 1 0
4907276 769 1 32 1
4908112 769 1 29 1
4910038 807 1 1 0
4911083 804 1 1 0
4913882 24 0 1 1
4914718 47 0 1 1
4916435 769 1 32 0
4917480 769 1 29 0
4919062 807 1 1 1
4920107 804 1 1 1
4923250 24 0 1 0
4924086 47 0 1 0
4925459 769 1 32 1
4926504 769 1 29 1
4928430 807 1 1 0
4929475 804 1 1 0
4932274 24 0 1 1
4933110 47 0 1 1
4934827 769 1 32 0
4935872 769 1 29 0
4937454 807 1 1 1
4938499 804 1 1 1
4941642 24 0 1 0
4942478 47 0 1 0
4943851 769 1 32 1
4944896 769 1 29 1
4946822 807 1 1 0
4947867 804 1 1 0
4950666 24 0 1 1
4951502 47 0 1 1
4953219 769 1 32 0
4954264 769 1 29 0
4955846 807 1 1 1
4956891 804 1 1 1
4960034 24 0 1 0
4960870 47 0 1 0
4962243 769 1 32 1
4963288 769 1 29 1
4965214 807 1 1 0
4966259 804 1 1 0
4969058 24 0 1 1
4969894 47 0 1 1
4971611 769 1 32 0
4972656 769 1 29 0
4974238 807 1 1 1
4975283 804 1 1 1
4978426 24 0 1 0
4979262 47 0 1 0
4980635 769 1 32 1
4981680 769 1 29 1
4983606 807 1 1 0
4984651 804 1 1 0
4987450 24 0 1 1
4988286 47 0 1 1
4990003 769 1 32 0
4991048 769 1 29 0
4992630 807 1 1 1
4993675 804 1 1 1
4996818 24 0 1 0
4997654 47 0 1 0
4999027 769 1 32 1
5000072 769 1 29 1
5001998 807 1 1 0
5003043 804 1 1 0
5005842 24 0 1 1
5006678 47 0 1 1
5008395 769 1 32 0
5009440 769 1 29 0
5011022 807 1 1 1
5012067 804 1 1 1
5015210 24 0 1 0
5016046 47 0 1 0
5017419 769 1 32 1
5018464 769 1 29 1
5024234 24 0 1 1
5025070 47 0 1 1
5184664 807 1 1 0
5184873 804 1 1 0
5191061 769 1 32 0
5191270 769 1 29 0
5191598 807 1 1 1
5191807 804 1 1 1
5197876 47 0 1 0
5197876 24 0 1 0
5197995 769 1 32 1
5198204 769 1 29 1
5203265 804 1 1 0
5203474 807 1 1 0
5204392 24 0 1 1
5204810 47 0 1 1
5208736 804 1 1 1
5209154 807 1 1 1
5209326 807 1 1 0
5209662 769 1 29 0
5209871 769 1 32 0
5209990 807 1 1 1
5215133 769 1 29 1
5216268 24 0 1 0
5216268 47 0 1 0
5216387 769 1 32 1
5220612 807 1 1 0
5220821 804 1 1 0
5221948 47 0 1 1
5222366 24 0 1 1
5226919 807 1 1 1
5227009 769 1 32 0
5227218 769 1 29 0
5227755 804 1 1 1
5233197 24 0 1 0
5233316 769 1 32 1
5233615 47 0 1 0
5234152 769 1 29 1
5239922 24 0 1 1
5240258 807 1 1 0
5240340 47 0 1 1
5240467 804 1 1 0
5246655 769 1 32 0
5246864 769 1 29 0
5248237 807 1 1 1
5248655 804 1 1 1
5253052 24 0 1 0
5253470 47 0 1 0
5254634 769 1 32 1
5255052 769 1 29 1
5261240 24 0 1 1
5261867 47 0 1 1
5263666 807 1 1 0
5263875 804 1 1 0
5270063 769 1 32 0
5270272 769 1 29 0
5271436 807 1 1 1
5271645 804 1 1 1
5276669 47 0 1 0
5277087 24 0 1 0
5277833 769 1 32 1
5278042 769 1 29 1
5283312 807 1 1 0
5283521 804 1 1 0
5284230 47 0 1 1
5284648 24 0 1 1
5288574 807 1 1 1
5288783 804 1 1 1
5288955 804 1 1 0
5288992 804 1 1 1
5289709 769 1 32 0
5289918 769 1 29 0
5294971 769 1 32 1
5295389 769 1 29 1
5296315 47 0 1 0
5296315 24 0 1 0
5298569 804 1 1 0
5298778 807 1 1 0
5301577 47 0 1 1
5301577 24 0 1 1
5304966 769 1 29 0
5305175 769 1 32 0
5305712 807 1 1 1
5305712 804 1 1 1
5311154 47 0 1 0
5311781 24 0 1 0
5312109 769 1 32 1
5312109 769 1 29 1
5318506 24 0 1 1
5318506 47 0 1 1
5319260 807 1 1 0
5319469 804 1 1 0
5325657 769 1 32 0
5325866 769 1 29 0
5326403 804 1 1 1
5326612 807 1 1 1
5331845 24 0 1 0
5332472 47 0 1 0
5332800 769 1 29 1
5333009 769 1 32 1
5338070 807 1 1 0
5338279 804 1 1 0
5339197 24 0 1 1
5339406 47 0 1 1
5343750 807 1 1 1
5343959 804 1 1 1
5344467 769 1 32 0
5344676 769 1 29 0
5350147 769 1 32 1
5350356 769 1 29 1
5350655 24 0 1 0
5351282 47 0 1 0
5356544 24 0 1 1
5356962 47 0 1 1
5357925 804 1 1 0
5358134 807 1 1 0
5363605 804 1 1 1
5364232 807 1 1 1
5364322 769 1 29 0
5364531 769 1 32 0
5370002 769 1 29 1
5370629 769 1 32 1
5370928 24 0 1 0
5370928 47 0 1 0
5376608 47 0 1 1
5376735 804 1 1 0
5377026 24 0 1 1
5377362 807 1 1 0
5383132 769 1 29 0
5383460 804 1 1 1
5383759 769 1 32 0
5383878 807 1 1 1
5389529 47 0 1 0
5389857 769 1 29 1
5390275 769 1 32 1
5390365 24 0 1 0
5396381 804 1 1 0
5396463 47 0 1 1
5396590 807 1 1 0
5397090 24 0 1 1
5402778 769 1 29 0
5402987 769 1 32 0
5404360 804 1 1 1
5404778 807 1 1 1
5409384 24 0 1 0
5409802 47 0 1 0
5410757 769 1 29 1
5411175 769 1 32 1
5414355 804 1 1 0
5414564 807 1 1 0
5417363 47 0 1 1
5417363 24 0 1 1
5419826 807 1 1 1
5420035 804 1 1 1
5420752 769 1 29 0
5420961 769 1 32 0
5426223 769 1 32 1
5426432 769 1 29 1
5426940 47 0 1 0
5427567 24 0 1 0
5431075 804 1 1 0
5431284 807 1 1 0
5432620 47 0 1 1
5432829 24 0 1 1
5437472 769 1 29 0
5437681 769 1 32 0
5437800 804 1 1 1
5438218 807 1 1 1
5443660 47 0 1 0
5444197 769 1 29 1
5444287 24 0 1 0
5444615 769 1 32 1
5449885 804 1 1 0
5450094 807 1 1 0
5450803 47 0 1 1
5451430 24 0 1 1
5456282 769 1 29 0
5456491 769 1 32 0
5457864 804 1 1 1
5458073 807 1 1 1
5462888 24 0 1 0
5463306 47 0 1 0
5464261 769 1 29 1
5464470 769 1 32 1
5470367 804 1 1 0
5470576 807 1 1 0
5470658 24 0 1 1
5471076 47 0 1 1
5476047 804 1 1 1
5476764 769 1 29 0
5476973 769 1 32 0
5477301 807 1 1 1
5482444 769 1 29 1
5483370 24 0 1 0
5483370 47 0 1 0
5483698 769 1 32 1
5489177 804 1 1 0
5489259 47 0 1 1
5489386 807 1 1 0
5489677 24 0 1 1
5494857 804 1 1 1
5495066 807 1 1 1
5495574 769 1 29 0
5495783 769 1 32 0
5501254 769 1 29 1
5501463 769 1 32 1
5501971 24 0 1 0
5501971 47 0 1 0
5507651 47 0 1 1
5508278 24 0 1 1
5509659 804 1 1 0
5510286 807 1 1 0
5516056 769 1 29 0
5516683 769 1 32 0
5517429 807 1 1 1
5518265 804 1 1 1
5523080 24 0 1 0
5523080 47 0 1 0
5523826 769 1 32 1
5524662 769 1 29 1
5530641 24 0 1 1
5531395 807 1 1 0
5531477 47 0 1 1
5532440 804 1 1 0
5537702 807 1 1 1
5537792 769 1 32 0
5538329 804 1 1 1
5538837 769 1 29 0
5544099 769 1 32 1
5544726 769 1 29 1
5544816 24 0 1 0
5545443 47 0 1 0
5548533 804 1 1 0
5548742 807 1 1 0
5550705 24 0 1 1
5551332 47 0 1 1
5554930 769 1 29 0
5555049 804 1 1 1
5555139 769 1 32 0
5555221 804 1 1 0
5555258 807 1 1 1
5555258 804 1 1 1
5555430 807 1 1 0
5555467 807 1 1 1
5561536 47 0 1 0
5561655 769 1 29 1
5561745 24 0 1 0
5561864 769 1 32 1
5567761 807 1 1 0
5568052 47 0 1 1
5568261 24 0 1 1
5568597 804 1 1 0
5574158 769 1 32 0
5574695 807 1 1 1
5574994 769 1 29 0
5575113 804 1 1 1
5580764 24 0 1 0
5581092 769 1 32 1
5581182 47 0 1 0
5581510 769 1 29 1
5586780 807 1 1 0
5587198 804 1 1 0
5587698 47 0 1 1
5587698 24 0 1 1
5592669 807 1 1 1
5593177 769 1 32 0
5593505 804 1 1 1
5593595 769 1 29 0
5599066 769 1 32 1
5599783 47 0 1 0
5599783 24 0 1 0
5599902 769 1 29 1
5604963 807 1 1 0
5605381 804 1 1 0
5605881 24 0 1 1
5606508 47 0 1 1
5611270 807 1 1 1
5611360 769 1 32 0
5611479 804 1 1 1
5611778 769 1 29 0
5617667 769 1 32 1
5617876 769 1 29 1
5618175 47 0 1 0
5618384 24 0 1 0
5621892 807 1 1 0
5622101 804 1 1 0
5624064 47 0 1 1
5624482 24 0 1 1
5627572 807 1 1 1
5628289 769 1 32 0
5628498 769 1 29 0
5628617 804 1 1 1
5633969 769 1 32 1
5634895 47 0 1 0
5634895 24 0 1 0
5635014 769 1 29 1
5639030 807 1 1 0
5639239 804 1 1 0
5640784 24 0 1 1
5641411 47 0 1 1
5645427 769 1 32 0
5645636 769 1 29 0
5646800 804 1 1 1
5646800 807 1 1 1
5646972 807 1 1 0
5647009 807 1 1 1
5652033 24 0 1 0
5652242 47 0 1 0
5653197 769 1 29 1
5653406 769 1 32 1
5657840 807 1 1 0
5658049 804 1 1 0
5659594 24 0 1 1
5659803 47 0 1 1
5664237 769 1 32 0
5664446 769 1 29 0
5664565 807 1 1 1
5664774 804 1 1 1
5670425 24 0 1 0
5670962 769 1 32 1
5671052 47 0 1 0
5671171 769 1 29 1
5676859 804 1 1 0
5677068 807 1 1 0
5677359 24 0 1 1
5677777 47 0 1 1
5683256 769 1 29 0
5683465 769 1 32 0
5683793 804 1 1 1
5684420 807 1 1 1
5689862 24 0 1 0
5689862 47 0 1 0
5690190 769 1 29 1
5690817 769 1 32 1
5696796 47 0 1 1
5697214 24 0 1 1
5698177 804 1 1 0
5698386 807 1 1 0
5704574 769 1 29 0
5704693 804 1 1 1
5704783 769 1 32 0
5704902 807 1 1 1
5710971 47 0 1 0
5711090 769 1 29 1
5711299 769 1 32 1
5711389 24 0 1 0
5716569 804 1 1 0
5717487 47 0 1 1
5717905 24 0 1 1
5719286 807 1 1 0
5722966 769 1 29 0
5724339 804 1 1 1
5725384 807 1 1 1
5725683 769 1 32 0
5729363 47 0 1 0
5730736 769 1 29 1
5731781 769 1 32 1
5732289 24 0 1 0
5737551 47 0 1 1
5738387 24 0 1 1
5738932 807 1 1 0
5739559 804 1 1 0
5744612 804 1 1 1
5745030 807 1 1 1
5745329 769 1 32 0
5745956 769 1 29 0
5751009 769 1 29 1
5751427 769 1 32 1
5751935 24 0 1 0
5752771 47 0 1 0
5754816 807 1 1 0
5755025 804 1 1 0
5757615 47 0 1 1
5758033 24 0 1 1
5760914 807 1 1 1
5761123 804 1 1 1
5761213 769 1 32 0
5761422 769 1 29 0
5767311 769 1 32 1
5767520 769 1 29 1
5767819 24 0 1 0
5768028 47 0 1 0
5772790 807 1 1 0
5773708 24 0 1 1
5773917 47 0 1 1
5775089 804 1 1 0
5779187 769 1 32 0
5780142 807 1 1 1
5781486 769 1 29 0
5782023 804 1 1 1
5782195 804 1 1 0
5782232 804 1 1 1
5785375 24 0 1 0
5786539 769 1 32 1
5788092 47 0 1 0
5788629 769 1 29 1
5792854 804 1 1 0
5793772 24 0 1 1
5794526 807 1 1 0
5794817 47 0 1 1
5799161 807 1 1 1
5799251 769 1 29 0
5800923 769 1 32 0
5802505 804 1 1 1
5805439 47 0 1 0
5805558 769 1 32 1
5808902 769 1 29 1
5810410 807 1 1 0
5815090 47 0 1 1
5816807 769 1 32 0
5819024 24 0 1 0
5820061 807 1 1 1
5820442 804 1 1 0
5826458 769 1 32 1
5826839 769 1 29 0
5827794 804 1 1 1
5832646 24 0 1 1
5833027 47 0 1 0
5834027 807 1 1 0
5834191 769 1 29 1
5837162 804 1 1 0
5840125 807 1 1 1
5840424 769 1 32 0
5840588 47 0 1 1
5841379 804 1 1 1
5846522 769 1 32 1
5846612 24 0 1 0
5852919 24 0 1 1
5853046 807 1 1 0
5853255 804 1 1 0
5855263 769 1 29 0
5859443 769 1 32 0
5860189 804 1 1 1
5861652 807 1 1 1
5861660 47 0 1 0
5866049 24 0 1 0
5866586 769 1 29 1
5868049 769 1 32 1
5873610 47 0 1 1
5874446 24 0 1 1
5876036 804 1 1 0
5876245 807 1 1 0
5882433 769 1 29 0
5882642 769 1 32 0
5882761 804 1 1 1
5883179 807 1 1 1
5889158 769 1 29 1
5889248 24 0 1 0
5889248 47 0 1 0
5889576 769 1 32 1
5894846 804 1 1 0
5895055 807 1 1 0
5895764 47 0 1 1
5896391 24 0 1 1
5900108 804 1 1 1
5900317 807 1 1 1
5901243 769 1 29 0
5901452 769 1 32 0
5906505 769 1 29 1
5906714 769 1 32 1
5907849 24 0 1 0
5908267 47 0 1 0
5910730 804 1 1 0
5910939 807 1 1 0
5912902 24 0 1 1
5913320 47 0 1 1
5917127 769 1 29 0
5917336 769 1 32 0
5917455 807 1 1 1
5917873 804 1 1 1
5923733 24 0 1 0
5923733 47 0 1 0
5923852 769 1 32 1
5924270 769 1 29 1
5930458 24 0 1 1
5930876 47 0 1 1
5931839 807 1 1 0
5932048 804 1 1 0
5938236 769 1 32 0
5938445 769 1 29 0
5939609 804 1 1 1
5939609 807 1 1 1
5944842 24 0 1 0
5945051 47 0 1 0
5946006 769 1 29 1
5946006 769 1 32 1
5951485 807 1 1 0
5952403 47 0 1 1
5952403 24 0 1 1
5952530 804 1 1 0
5957882 769 1 32 0
5958927 769 1 29 0
5959255 807 1 1 1
5959427 807 1 1 0
5959464 807 1 1 1
5960718 804 1 1 1
5964488 24 0 1 0
5965115 47 0 1 0
5965861 769 1 32 1
5967115 769 1 29 1
5972385 804 1 1 0
5972676 24 0 1 1
5972803 807 1 1 0
5973094 47 0 1 1
5978782 769 1 29 0
5978901 804 1 1 1
5979110 807 1 1 1
5979200 769 1 32 0
5984970 47 0 1 0
5985298 769 1 29 1
5985388 24 0 1 0
5985507 769 1 32 1
5989523 804 1 1 0
5989732 807 1 1 0
5991695 24 0 1 1
5992113 47 0 1 1
5995920 769 1 29 0
5996039 807 1 1 1
5996129 769 1 32 0
5996457 804 1 1 1
6002317 47 0 1 0
6002436 769 1 32 1
6002854 769 1 29 1
6003153 24 0 1 0
6008542 807 1 1 0
6008751 804 1 1 0
6009042 24 0 1 1
6009042 47 0 1 1
6014939 769 1 32 0
6015148 769 1 29 0
6015267 804 1 1 1
6015685 807 1 1 1
6021127 24 0 1 0
6021664 769 1 29 1
6021754 47 0 1 0
6022082 769 1 32 1
6027143 807 1 1 0
6027352 804 1 1 0
6028270 47 0 1 1
6028479 24 0 1 1
6032823 807 1 1 1
6033540 769 1 32 0
6033749 769 1 29 0
6033868 804 1 1 1
6039220 769 1 32 1
6040146 47 0 1 0
6040146 24 0 1 0
6040265 769 1 29 1
6044908 807 1 1 0
6045535 804 1 1 0
6046035 24 0 1 1
6046662 47 0 1 1
6051305 769 1 32 0
6051633 807 1 1 1
6051842 804 1 1 1
6051932 769 1 29 0
6057911 24 0 1 0
6058030 769 1 32 1
6058239 769 1 29 1
6058538 47 0 1 0
6064136 807 1 1 0
6064345 804 1 1 0
6064427 24 0 1 1
6064845 47 0 1 1
6070533 769 1 32 0
6070742 769 1 29 0
6071070 807 1 1 1
6071242 807 1 1 0
6071279 807 1 1 1
6072115 804 1 1 1
6076930 24 0 1 0
6077348 47 0 1 0
6077676 769 1 32 1
6078512 769 1 29 1
6084282 24 0 1 1
6084700 47 0 1 1
6086290 807 1 1 0
6086917 804 1 1 0
6092687 769 1 32 0
6093314 769 1 29 0
6094478 804 1 1 1
6096150 807 1 1 1
6099084 24 0 1 0
6099502 47 0 1 0
6100875 769 1 29 1
6102547 769 1 32 1
6107899 47 0 1 1
6108317 24 0 1 1
6109280 804 1 1 0
6109907 807 1 1 0
6115677 769 1 29 0
6116214 807 1 1 1
6116304 769 1 32 0
6116632 804 1 1 1
6122283 47 0 1 0
6122492 24 0 1 0
6122611 769 1 32 1
6123029 769 1 29 1
6128299 804 1 1 0
6128508 807 1 1 0
6129008 47 0 1 1
6129217 24 0 1 1
6134606 804 1 1 1
6134696 769 1 29 0
6134815 807 1 1 1
6134905 769 1 32 0
6140884 47 0 1 0
6141003 769 1 29 1
6141212 769 1 32 1
6141511 24 0 1 0
6145228 804 1 1 0
6145437 807 1 1 0
6147400 47 0 1 1
6147818 24 0 1 1
6150908 804 1 1 1
6151117 807 1 1 1
6151625 769 1 29 0
6151834 769 1 32 0
6157305 769 1 29 1
6157514 769 1 32 1
6158022 47 0 1 0
6158440 24 0 1 0
6162784 804 1 1 0
6163702 47 0 1 1
6163829 807 1 1 0
6164120 24 0 1 1
6169181 769 1 29 0
6170226 769 1 32 0
6170763 804 1 1 1
6170972 807 1 1 1
6175578 47 0 1 0
6176832 24 0 1 0
6177160 769 1 29 1
6177369 769 1 32 1
6183557 47 0 1 1
6183975 24 0 1 1
6184938 807 1 1 0
6185147 804 1 1 0
6191335 769 1 32 0
6191454 804 1 1 1
6191544 769 1 29 0
6191663 807 1 1 1
6197851 769 1 29 1
6197941 47 0 1 0
6197941 24 0 1 0
6198060 769 1 32 1
6204375 807 1 1 0
6204457 47 0 1 1
6204875 24 0 1 1
6205002 804 1 1 0
6210055 804 1 1 1
6210473 807 1 1 1
6210645 807 1 1 0
6210682 807 1 1 1
6210772 769 1 32 0
6211399 769 1 29 0
6216452 769 1 29 1
6217079 769 1 32 1
6217169 24 0 1 0
6218423 47 0 1 0
6222976 804 1 1 0
6223058 24 0 1 1
6223185 807 1 1 0
6223267 47 0 1 1
6229373 769 1 29 0
6229492 807 1 1 1
6229582 769 1 32 0
6229701 804 1 1 1
6235770 24 0 1 0
6235889 769 1 32 1
6235979 47 0 1 0
6236098 769 1 29 1
6242286 24 0 1 1
6242413 804 1 1 0
6242622 807 1 1 0
6242704 47 0 1 1
6248810 769 1 29 0
6249019 769 1 32 0
6249347 804 1 1 1
6249974 807 1 1 1
6255416 24 0 1 0
6255416 47 0 1 0
6255744 769 1 29 1
6256371 769 1 32 1
6258297 804 1 1 0
6261850 807 1 1 0
6262350 47 0 1 1
6262768 24 0 1 1
6264694 769 1 29 0
6265231 804 1 1 1
6268247 769 1 32 0
6268366 807 1 1 1
6271091 47 0 1 0
6271628 769 1 29 1
6274763 769 1 32 1
6274853 24 0 1 0
6277943 804 1 1 0
6278152 807 1 1 0
6279279 47 0 1 1
6280742 24 0 1 1
6284250 804 1 1 1
6284340 769 1 29 0
6284459 807 1 1 1
6284549 769 1 32 0
6290647 769 1 29 1
6290856 769 1 32 1
6290946 24 0 1 0
6291364 47 0 1 0
6295499 804 1 1 0
6297044 47 0 1 1
6297380 807 1 1 0
6297880 24 0 1 1
6301896 769 1 29 0
6303269 804 1 1 1
6303777 769 1 32 0
6304314 807 1 1 1
6308920 47 0 1 0
6309666 769 1 29 1
6310383 24 0 1 0
6310711 769 1 32 1
6315772 807 1 1 0
6315981 804 1 1 0
6316481 47 0 1 1
6317317 24 0 1 1
6321243 807 1 1 1
6321452 804 1 1 1
6322169 769 1 32 0
6322378 769 1 29 0
6327640 769 1 32 1
6327849 769 1 29 1
6328775 24 0 1 0
6329193 47 0 1 0
6332492 804 1 1 0
6332701 807 1 1 0
6334037 24 0 1 1
6334246 47 0 1 1
6338889 769 1 29 0
6339098 769 1 32 0
6339426 804 1 1 1
6339635 807 1 1 1
6345286 24 0 1 0
6345495 47 0 1 0
6345823 769 1 29 1
6346032 769 1 32 1
6352220 24 0 1 1
6352429 47 0 1 1
6353810 804 1 1 0
6354019 807 1 1 0
6360207 769 1 29 0
6360416 769 1 32 0
6360953 807 1 1 1
6362416 804 1 1 1
6366604 24 0 1 0
6366813 47 0 1 0
6367350 769 1 32 1
6368813 769 1 29 1
6371784 807 1 1 0
6374374 24 0 1 1
6375419 47 0 1 1
6376210 807 1 1 1
6376591 804 1 1 0
6378181 769 1 32 0
6382607 769 1 32 1
6382988 769 1 29 0
6384152 804 1 1 1
6389594 47 0 1 0
6390385 807 1 1 0
6390549 769 1 29 1
6393520 804 1 1 0
6396782 769 1 32 0
6397155 47 0 1 1
6397737 804 1 1 1
6398782 807 1 1 1
6399208 24 0 1 0
6405179 769 1 32 1
6411076 804 1 1 0
6411576 24 0 1 1
6411912 807 1 1 0
6413084 769 1 29 0
6418309 769 1 32 0
6418637 804 1 1 1
6418846 807 1 1 1
6419690 47 0 1 0
6424497 24 0 1 0
6425034 769 1 29 1
6425243 769 1 32 1
6431431 24 0 1 1
6431640 47 0 1 1
6431976 807 1 1 0
6434693 804 1 1 0
6438373 769 1 32 0
6440373 807 1 1 1
6441090 769 1 29 0
6442672 804 1 1 1
6444770 24 0 1 0
6446770 769 1 32 1
6447696 47 0 1 0
6449069 769 1 29 1
6454003 24 0 1 1
6455048 47 0 1 1
6456011 804 1 1 0
6456220 807 1 1 0
6462408 769 1 29 0
6462617 769 1 32 0
6462945 804 1 1 1
6463363 807 1 1 1
6468805 47 0 1 0
6469223 24 0 1 0
6469342 769 1 29 1
6469760 769 1 32 1
6475657 807 1 1 0
6475739 24 0 1 1
6475948 47 0 1 1
6476284 804 1 1 0
6482054 769 1 32 0
6482681 769 1 29 0
6483009 804 1 1 1
6483636 807 1 1 1
6488451 24 0 1 0
6488869 47 0 1 0
6489406 769 1 29 1
6490033 769 1 32 1
6496012 47 0 1 1
6496221 24 0 1 1
6498020 807 1 1 0
6498229 804 1 1 0
6504417 769 1 32 0
6504626 769 1 29 0
6505163 804 1 1 1
6505163 807 1 1 1
6511023 47 0 1 0
6511023 24 0 1 0
6511560 769 1 29 1
6511560 769 1 32 1
6515785 804 1 1 0
6515994 807 1 1 0
6517957 47 0 1 1
6518166 24 0 1 1
6521256 807 1 1 1
6521465 804 1 1 1
6521637 804 1 1 0
6521674 804 1 1 1
6522182 769 1 29 0
6522391 769 1 32 0
6527653 769 1 32 1
6528071 769 1 29 1
6528579 47 0 1 0
6528997 24 0 1 0
6532087 807 1 1 0
6533968 804 1 1 0
6534259 24 0 1 1
6534468 47 0 1 1
6538484 769 1 32 0
6539857 807 1 1 1
6540365 769 1 29 0
6541320 804 1 1 1
6544881 24 0 1 0
6546254 769 1 32 1
6546971 47 0 1 0
6547717 769 1 29 1
6553278 24 0 1 1
6554323 47 0 1 1
6555077 804 1 1 0
6555286 807 1 1 0
6561474 769 1 29 0
6561683 769 1 32 0
6562011 807 1 1 1
6562429 804 1 1 1
6568080 47 0 1 0
6568408 769 1 32 1
6568707 24 0 1 0
6568826 769 1 29 1
6573469 804 1 1 0
6573678 807 1 1 0
6575014 24 0 1 1
6575432 47 0 1 1
6579358 807 1 1 1
6579358 804 1 1 1
6579530 807 1 1 0
6579567 807 1 1 1
6579866 769 1 29 0
6580075 769 1 32 0
6585755 769 1 29 1
6585964 769 1 32 1
6586472 47 0 1 0
6586681 24 0 1 0
6590607 807 1 1 0
6590816 804 1 1 0
6592152 47 0 1 1
6592361 24 0 1 1
6597004 769 1 32 0
6597123 807 1 1 1
6597213 769 1 29 0
6597750 804 1 1 1
6603401 47 0 1 0
6603520 769 1 32 1
6603610 24 0 1 0
6604147 769 1 29 1
6609835 807 1 1 0
6610044 804 1 1 0
6610335 24 0 1 1
6610753 47 0 1 1
6616232 769 1 32 0
6616441 769 1 29 0
6616769 807 1 1 1
6616978 804 1 1 1
6622838 47 0 1 0
6623166 769 1 32 1
6623256 24 0 1 0
6623375 769 1 29 1
6627391 804 1 1 0
6627600 807 1 1 0
6629563 47 0 1 1
6629981 24 0 1 1
6632444 804 1 1 1
6633280 807 1 1 1
6633788 769 1 29 0
6633997 769 1 32 0
6638841 769 1 29 1
6639677 769 1 32 1
6640185 47 0 1 0
6640603 24 0 1 0
6643902 807 1 1 0
6644529 804 1 1 0
6645447 47 0 1 1
6645865 24 0 1 1
6650299 769 1 32 0
6650926 769 1 29 0
6651254 804 1 1 1
6651254 807 1 1 1
6656487 24 0 1 0
6657114 47 0 1 0
6657651 769 1 29 1
6657651 769 1 32 1
6662712 804 1 1 0
6662921 807 1 1 0
6663839 47 0 1 1
6664257 24 0 1 1
6668810 807 1 1 1
6669109 769 1 29 0
6669228 804 1 1 1
6669318 769 1 32 0
6675207 769 1 32 1
6675625 769 1 29 1
6675715 47 0 1 0
6675924 24 0 1 0
6679850 804 1 1 0
6680059 807 1 1 0
6681813 24 0 1 1
6682022 47 0 1 1
6686247 769 1 29 0
6686366 807 1 1 1
6686456 769 1 32 0
6686784 804 1 1 1
6692763 769 1 32 1
6692853 24 0 1 0
6692853 47 0 1 0
6693181 769 1 29 1
6699369 24 0 1 1
6699787 47 0 1 1
6700541 804 1 1 0
6700750 807 1 1 0
6706938 769 1 29 0
6707147 769 1 32 0
6707475 804 1 1 1
6708520 807 1 1 1
6713544 47 0 1 0
6713753 24 0 1 0
6713872 769 1 29 1
6714917 769 1 32 1
6720687 47 0 1 1
6721023 807 1 1 0
6721232 804 1 1 0
6721314 24 0 1 1
6727420 769 1 32 0
6727629 769 1 29 0
6728166 804 1 1 1
6728375 807 1 1 1
6734026 24 0 1 0
6734235 47 0 1 0
6734563 769 1 29 1
6734772 769 1 32 1
6739206 804 1 1 0
6739415 807 1 1 0
6741169 47 0 1 1
6741587 24 0 1 1
6743841 804 1 1 1
6744259 807 1 1 1
6745603 769 1 29 0
6745812 769 1 32 0
6749865 804 1 1 0
6750238 769 1 29 1
6750656 769 1 32 1
6752209 24 0 1 0
6754918 804 1 1 1
6756262 769 1 29 0
6756553 807 1 1 0
6757053 24 0 1 1
6758479 47 0 1 0
6761315 769 1 29 1
6762950 769 1 32 0
6765995 807 1 1 1
6767921 47 0 1 1
6769556 24 0 1 0
6770556 804 1 1 0
6772392 769 1 32 1
6776953 769 1 29 0
6778326 804 1 1 1
6778789 24 0 1 1
6782469 807 1 1 0
6783350 47 0 1 0
6784723 769 1 29 1
6788149 807 1 1 1
6788866 769 1 32 0
6789575 804 1 1 0
6791120 47 0 1 1
6794546 769 1 32 1
6795263 24 0 1 0
6795972 769 1 29 0
6798599 804 1 1 1
6800943 24 0 1 1
6801279 807 1 1 0
6802160 47 0 1 0
6804996 769 1 29 1
6807377 807 1 1 1
6807676 769 1 32 0
6811393 47 0 1 1
6812356 804 1 1 0
6813774 769 1 32 1
6814073 24 0 1 0
6818036 804 1 1 1
6818753 769 1 29 0
6818835 807 1 1 0
6820171 24 0 1 1
6824433 769 1 29 1
6824515 807 1 1 1
6825232 769 1 32 0
6825359 47 0 1 0
6826986 804 1 1 0
6830912 769 1 32 1
6831039 47 0 1 1
6831629 24 0 1 0
6832666 804 1 1 1
6833383 769 1 29 0
6837309 24 0 1 1
6839063 769 1 29 1
6839735 804 1 1 0
6839989 47 0 1 0
6842452 807 1 1 0
6845460 47 0 1 1
6846132 769 1 29 0
6847087 804 1 1 1
6848849 769 1 32 0
6851685 807 1 1 1
6852738 47 0 1 0
6853484 769 1 29 1
6855037 24 0 1 0
6858082 769 1 32 1
6861471 807 1 1 0
6861762 47 0 1 1
6863434 24 0 1 1
6865024 804 1 1 0
6867868 769 1 32 0
6869450 807 1 1 1
6871122 804 1 1 1
6871421 769 1 29 0
6874474 24 0 1 0
6875847 769 1 32 1
6877146 807 1 1 0
6877519 769 1 29 1
6878027 47 0 1 0
6882871 47 0 1 1
6883289 24 0 1 1
6883543 769 1 32 0
6884080 807 1 1 1
6885088 804 1 1 0
6890149 24 0 1 0
6890477 769 1 32 1
6890977 804 1 1 1
6891485 769 1 29 0
6897083 24 0 1 1
6897374 769 1 29 1
6897419 807 1 1 0
6898091 47 0 1 0
6900554 804 1 1 0
6903771 47 0 1 1
6903816 769 1 32 0
6906025 807 1 1 1
6906951 769 1 29 0
6908324 804 1 1 1
6910422 24 0 1 0
6912422 769 1 32 1
6913139 47 0 1 0
6914721 769 1 29 1
6919155 807 1 1 0
6919655 24 0 1 1
6920491 47 0 1 1
6921872 804 1 1 0
6925552 769 1 32 0
6926925 807 1 1 1
6927097 807 1 1 0
6927134 807 1 1 1
6928269 769 1 29 0
6928388 804 1 1 1
6932367 24 0 1 0
6933531 769 1 32 1
6934457 47 0 1 0
6934785 769 1 29 1
6939846 804 1 1 0
6940346 24 0 1 1
6941309 807 1 1 0
6941391 47 0 1 1
6945944 804 1 1 1
6946243 769 1 29 0
6946989 807 1 1 1
6947161 807 1 1 0
6947198 807 1 1 1
6947706 769 1 32 0
6952341 769 1 29 1
6952849 47 0 1 0
6953595 769 1 32 1
6954730 24 0 1 0
6957611 804 1 1 0
6958238 807 1 1 0
6959156 47 0 1 1
6959574 24 0 1 1
6964008 769 1 29 0
6964336 807 1 1 1
6964635 769 1 32 0
6964963 804 1 1 1
6970405 47 0 1 0
6970733 769 1 32 1
6970823 24 0 1 0
6971360 769 1 29 1
6977339 24 0 1 1
6977548 47 0 1 1
6978720 804 1 1 0
6979347 807 1 1 0
6985117 769 1 29 0
6985744 769 1 32 0
6985863 804 1 1 1
6986072 807 1 1 1
6991723 47 0 1 0
6992141 24 0 1 0
6992260 769 1 29 1
6992469 769 1 32 1
6998657 47 0 1 1
6998866 24 0 1 1
6999829 804 1 1 0
7000038 807 1 1 0
7006226 769 1 29 0
7006345 804 1 1 1
7006435 769 1 32 0
7006517 804 1 1 0
7006554 807 1 1 1
7006763 804 1 1 1
7012414 47 0 1 0
7012951 769 1 32 1
7013041 24 0 1 0
7013160 769 1 29 1
7018848 804 1 1 0
7019057 807 1 1 0
7019348 47 0 1 1
7019557 24 0 1 1
7025155 804 1 1 1
7025245 769 1 29 0
7025454 769 1 32 0
7027663 807 1 1 1
7031433 47 0 1 0
7031552 769 1 29 1
7032060 24 0 1 0
7034060 769 1 32 1
7035568 804 1 1 0
7038994 47 0 1 1
7039994 804 1 1 1
7040248 24 0 1 1
7041629 807 1 1 0
7041965 769 1 29 0
7045846 807 1 1 1
7046391 769 1 29 1
7049362 804 1 1 0
7055251 804 1 1 1
7055632 807 1 1 0
7055759 769 1 29 0
7057640 769 1 32 0
7058394 47 0 1 0
7061648 769 1 29 1
7063828 24 0 1 0
7064447 807 1 1 1
7067754 804 1 1 0
7070553 47 0 1 1
7070844 769 1 32 1
7074151 769 1 29 0
7074233 807 1 1 0
7075360 24 0 1 1
7077614 804 1 1 1
7078659 807 1 1 1
7080630 769 1 32 0
7082011 47 0 1 0
7084011 769 1 29 1
7085056 769 1 32 1
7086818 24 0 1 0
7088445 804 1 1 0
7089490 807 1 1 0
7090617 47 0 1 1
7092498 24 0 1 1
7094842 769 1 29 0
7095887 769 1 32 0
7097887 804 1 1 1
7099768 807 1 1 1
7102075 47 0 1 0
7102493 24 0 1 0
7104284 769 1 29 1
7106165 769 1 32 1
7106210 804 1 1 0
7111054 804 1 1 1
7111308 47 0 1 1
7112062 807 1 1 0
7112607 769 1 29 0
7112771 24 0 1 1
7117451 769 1 29 1
7118459 769 1 32 0
7122131 807 1 1 1
7122512 804 1 1 0
7125065 24 0 1 0
7128528 769 1 32 1
7128909 769 1 29 0
7130917 47 0 1 0
7131118 804 1 1 1
7131290 807 1 1 0
7135716 807 1 1 1
7137351 804 1 1 0
7137515 769 1 29 1
7137687 769 1 32 0
7138269 24 0 1 1
7141822 47 0 1 1
7142113 769 1 32 1
7143748 769 1 29 0
7144285 804 1 1 1
7145293 807 1 1 0
7150145 47 0 1 0
7150682 769 1 29 1
7151690 769 1 32 0
7152436 807 1 1 1
7153698 24 0 1 0
7157415 807 1 1 0
7158833 769 1 32 1
7159505 804 1 1 0
7159796 47 0 1 1
7162304 24 0 1 1
7163812 769 1 32 0
7165185 807 1 1 1
7165902 769 1 29 0
7170418 24 0 1 0
7171582 769 1 32 1
7172299 47 0 1 0
7175635 804 1 1 1
7178942 807 1 1 0
7180905 24 0 1 1
7182032 769 1 29 1
7185339 769 1 32 0
7185921 47 0 1 1
7191728 807 1 1 1
7192527 804 1 1 0
7192990 24 0 1 0
7198125 769 1 32 1
7198924 769 1 29 0
7199424 807 1 1 0
7204522 24 0 1 1
7205112 47 0 1 0
7205313 804 1 1 1
7205485 804 1 1 0
7205522 804 1 1 1
7205821 769 1 32 0
7208239 807 1 1 1
7211919 769 1 29 1
7212218 24 0 1 0
7214472 804 1 1 0
7214636 769 1 32 1
7214681 807 1 1 0
7219570 47 0 1 1
7219988 24 0 1 1
7220869 769 1 29 0
7221078 769 1 32 0
7225377 807 1 1 1
7227266 24 0 1 0
7227266 47 0 1 0
7227676 804 1 1 1
7231774 769 1 32 1
7232655 807 1 1 0
7234073 769 1 29 1
7237462 804 1 1 0
7239007 24 0 1 1
7239052 769 1 32 0
7239634 47 0 1 1
7243859 769 1 29 0
7244814 807 1 1 1
7245658 24 0 1 0
7250256 47 0 1 0
7251084 804 1 1 1
7251211 769 1 32 1
7252719 807 1 1 0
7257481 769 1 29 1
7259116 769 1 32 0
7259907 24 0 1 1
7260661 804 1 1 0
7262415 47 0 1 1
7266976 24 0 1 0
7267058 769 1 29 0
7267595 807 1 1 1
7273246 47 0 1 0
7273992 769 1 32 1
7275955 804 1 1 1
7278426 807 1 1 0
7282352 769 1 29 1
7283106 24 0 1 1
7284823 769 1 32 0
7288122 47 0 1 1
7289122 807 1 1 1
7290339 804 1 1 0
7293310 24 0 1 0
7295519 769 1 32 1
7296736 769 1 29 0
7301707 24 0 1 1
7301834 807 1 1 0
7303342 47 0 1 0
7308231 769 1 32 0
7314419 24 0 1 0
7331549 804 1 1 1
7334684 807 1 1 1
7337946 769 1 29 1
7339454 804 1 1 0
7341081 769 1 32 1
7343671 804 1 1 1
7346224 24 0 1 1
7347060 47 0 1 1
7350740 807 1 1 0
7353875 804 1 1 0
7355883 769 1 29 0
7357137 769 1 32 0
7362489 47 0 1 0
7363317 804 1 1 1
7363526 807 1 1 1
7364161 24 0 1 0
7369714 769 1 29 1
7369923 769 1 32 1
7373521 804 1 1 0
7375820 807 1 1 0
7376111 47 0 1 1
7376320 24 0 1 1
7378574 804 1 1 1
7379918 769 1 29 0
7382217 769 1 32 0
7384971 769 1 29 1
7386098 807 1 1 1
7386106 47 0 1 0
7388823 24 0 1 0
7389823 804 1 1 0
7392495 769 1 32 1
7394085 47 0 1 1
7396220 769 1 29 0
7396548 804 1 1 1
7397011 24 0 1 1
7402572 804 1 1 0
7402945 769 1 29 1
7404080 47 0 1 0
7404453 807 1 1 0
7408969 769 1 29 0
7409342 47 0 1 1
7409506 804 1 1 1
7410850 769 1 32 0
7413686 807 1 1 1
7415575 47 0 1 0
7415903 769 1 29 1
7417038 24 0 1 0
7420083 769 1 32 1
7423972 47 0 1 1
7425771 804 1 1 0
7426689 24 0 1 1
7432168 769 1 29 0
7436012 807 1 1 0
7440028 47 0 1 0
7442409 769 1 32 0
7449015 24 0 1 0
7451724 804 1 1 1
7451896 804 1 1 0
7451933 804 1 1 1
7458330 769 1 29 1
7460883 804 1 1 0
7467190 804 1 1 1
7467280 769 1 29 0
7467444 47 0 1 1
7473587 769 1 29 1
7473886 47 0 1 0
7479275 804 1 1 0
7480193 47 0 1 1
7480566 807 1 1 1
7480738 807 1 1 0
7480775 807 1 1 1
7485672 769 1 29 0
7487172 769 1 32 1
7488299 804 1 1 1
7493987 24 0 1 1
7494696 769 1 29 1
7495204 47 0 1 0
7495368 807 1 1 0
7501093 47 0 1 1
7501220 804 1 1 0
7501765 769 1 32 0
7506900 807 1 1 1
7507617 769 1 29 0
7507953 24 0 1 0
7508990 804 1 1 1
7513297 769 1 32 1
7514223 47 0 1 0
7515387 769 1 29 1
7518149 804 1 1 0
7520948 47 0 1 1
7520948 24 0 1 1
7522329 807 1 1 0
7524546 769 1 29 0
7527173 804 1 1 1
7528726 769 1 32 0
7529681 807 1 1 1
7530734 47 0 1 0
7533570 769 1 29 1
7535332 24 0 1 0
7536078 769 1 32 1
7539885 807 1 1 0
7540512 804 1 1 0
7541012 47 0 1 1
7542266 24 0 1 1
7545774 807 1 1 1
7546282 769 1 32 0
7546909 769 1 29 0
7552171 769 1 32 1
7552462 804 1 1 1
7552470 24 0 1 0
7553933 47 0 1 0
7557441 807 1 1 0
7558859 769 1 29 1
7561076 24 0 1 1
7563375 47 0 1 1
7563838 769 1 32 0
7566047 807 1 1 1
7567891 804 1 1 0
7571489 24 0 1 0
7572444 769 1 32 1
7574288 769 1 29 0
7578632 24 0 1 1
7579632 804 1 1 1
7580685 47 0 1 0
7582939 807 1 1 0
7586029 769 1 29 1
7588582 804 1 1 0
7589336 769 1 32 0
7593008 807 1 1 1
7593053 47 0 1 1
7594979 769 1 29 0
7596151 24 0 1 0
7597188 804 1 1 1
7599405 769 1 32 1
7601167 47 0 1 0
7603585 769 1 29 1
7605929 807 1 1 0
7606556 804 1 1 0
7607265 24 0 1 1
7609146 47 0 1 1
7612326 769 1 32 0
7612654 804 1 1 1
7612826 804 1 1 0
7612863 804 1 1 1
7612953 769 1 29 0
7613699 807 1 1 1
7613871 807 1 1 0
7613908 807 1 1 1
7619260 769 1 29 1
7619350 47 0 1 0
7619559 24 0 1 0
7620305 769 1 32 1
7624112 804 1 1 0
7624739 807 1 1 0
7626284 24 0 1 1
7627120 47 0 1 1
7630509 769 1 29 0
7631136 769 1 32 0
7632300 807 1 1 1
7632300 804 1 1 1
7637115 47 0 1 0
7638160 24 0 1 0
7638697 769 1 32 1
7638697 769 1 29 1
7640205 804 1 1 0
7642295 807 1 1 0
7645094 24 0 1 1
7645303 47 0 1 1
7646303 804 1 1 1
7646475 804 1 1 0
7646512 804 1 1 1
7646602 769 1 29 0
7648692 769 1 32 0
7650692 807 1 1 1
7652909 769 1 29 1
7653208 47 0 1 0
7655089 24 0 1 0
7657089 769 1 32 1
7658179 804 1 1 0
7659642 807 1 1 0
7660978 47 0 1 1
7662650 24 0 1 1
7664576 769 1 29 0
7666039 769 1 32 0
7666367 807 1 1 1
7667412 804 1 1 1
7671809 47 0 1 0
7672645 24 0 1 0
7672764 769 1 32 1
7673809 769 1 29 1
7673854 807 1 1 0
7679788 47 0 1 1
7680251 769 1 32 0
7680415 24 0 1 1
7681415 807 1 1 1
7683259 804 1 1 0
7686648 24 0 1 0
7687812 769 1 32 1
7689656 769 1 29 0
7694209 24 0 1 1
7696426 807 1 1 0
7696680 47 0 1 0
7699598 804 1 1 1
7702823 769 1 32 0
7705995 769 1 29 1
7706458 804 1 1 0
7706704 807 1 1 1
7709220 24 0 1 0
7712855 769 1 29 0
7713101 769 1 32 1
7715945 47 0 1 1
7716117 47 0 1 0
7716154 47 0 1 1
7718035 24 0 1 1
7719244 804 1 1 1
7720879 807 1 1 0
7721969 47 0 1 0
7725641 769 1 29 1
7727276 769 1 32 0
7728194 804 1 1 0
7730321 807 1 1 1
7732038 47 0 1 1
7733464 24 0 1 0
7734292 804 1 1 1
7734591 769 1 29 0
7736718 769 1 32 1
7738853 807 1 1 0
7740689 769 1 29 1
7740988 47 0 1 0
7744787 24 0 1 1
7745250 769 1 32 0
7745369 807 1 1 1
7745832 47 0 1 1
7750139 807 1 1 0
7751766 769 1 32 1
7751856 24 0 1 0
7754319 804 1 1 0
7756536 769 1 32 0
7758163 24 0 1 1
7760716 769 1 29 0
7762925 807 1 1 1
7763142 24 0 1 0
7766060 804 1 1 1
7767113 47 0 1 0
7769158 807 1 1 0
7769322 769 1 32 1
7772457 769 1 29 1
7775555 769 1 32 0
7776973 24 0 1 1
7778645 47 0 1 1
7782788 24 0 1 0
7783788 804 1 1 0
7790185 769 1 29 0
7795947 807 1 1 1
7796791 47 0 1 0
7801172 804 1 1 1
7801344 804 1 1 0
7801590 804 1 1 1
7802344 769 1 32 1
7805315 807 1 1 0
7807987 769 1 29 1
7808450 804 1 1 0
7810831 24 0 1 1
7811712 769 1 32 0
7813339 47 0 1 1
7814847 769 1 29 0
7818937 807 1 1 1
7819572 24 0 1 0
7821035 47 0 1 0
7823117 804 1 1 1
7825334 769 1 32 1
7829514 769 1 29 1
7831022 807 1 1 0
7833194 24 0 1 1
7834575 804 1 1 0
7835702 47 0 1 1
7837419 769 1 32 0
7840972 769 1 29 0
7843808 807 1 1 1
7845279 24 0 1 0
7847160 47 0 1 0
7848369 807 1 1 0
7850205 769 1 32 1
7854049 804 1 1 1
7854467 807 1 1 1
7854766 769 1 32 0
7858819 804 1 1 0
7860446 769 1 29 1
7860864 769 1 32 1
7864335 24 0 1 1
7865216 769 1 29 0
7867052 47 0 1 1
7868642 807 1 1 0
7871822 47 0 1 0
7875039 769 1 32 0
7878293 804 1 1 1
7881645 24 0 1 0
7881846 807 1 1 1
7883690 804 1 1 0
7884690 769 1 29 1
7888243 769 1 32 1
7890087 769 1 29 0
7891042 804 1 1 1
7891214 804 1 1 0
7891251 804 1 1 1
7891841 807 1 1 0
7892759 24 0 1 1
7897648 769 1 29 1
7898238 769 1 32 0
7900283 47 0 1 1
7900619 804 1 1 0
7905053 24 0 1 0
7907016 769 1 29 0
7908598 807 1 1 1
7913204 47 0 1 0
7914995 769 1 32 1
7920056 807 1 1 0
7923437 804 1 1 1
7923900 24 0 1 1
7926453 769 1 32 0
7929834 769 1 29 1
7933895 24 0 1 0
7935522 804 1 1 0
7937903 47 0 1 1
7940575 807 1 1 1
7941919 769 1 29 0
7942456 804 1 1 1
7946972 769 1 32 1
7948062 807 1 1 0
7948107 47 0 1 0
7948853 769 1 29 1
7952324 24 0 1 1
7953160 47 0 1 1
7954459 769 1 32 0
7955586 804 1 1 0
7961274 24 0 1 0
7961983 769 1 29 0
7968163 807 1 1 1
7968171 47 0 1 0
7974560 769 1 32 1
7977150 804 1 1 1
7979203 807 1 1 0
7983465 24 0 1 1
7983547 769 1 29 1
7984010 804 1 1 0
7985600 769 1 32 0
7988063 47 0 1 1
7989063 807 1 1 1
7990407 769 1 29 0
7993460 24 0 1 0
7995460 769 1 32 1
7996595 47 0 1 0
7997005 804 1 1 1
8001148 807 1 1 0
8003402 769 1 29 1
8004574 24 0 1 1
8006582 804 1 1 0
8007545 769 1 32 0
8009172 47 0 1 1
8012979 769 1 29 0
8016032 24 0 1 0
8019585 47 0 1 0
8020622 804 1 1 1
8021667 807 1 1 1
8027019 769 1 29 1
8028064 769 1 32 1
8029990 804 1 1 0
8031035 807 1 1 0
8033834 24 0 1 1
8035297 47 0 1 1
8036387 769 1 29 0
8037432 769 1 32 0
8041104 807 1 1 1
8041276 807 1 1 0
8041313 807 1 1 1
8041940 804 1 1 1
8042993 47 0 1 0
8043829 24 0 1 0
8047128 807 1 1 0
8047710 769 1 32 1
8048337 769 1 29 1
8053525 769 1 32 0
8053898 24 0 1 1
8054943 47 0 1 1
8060340 24 0 1 0
8062422 807 1 1 1
8065311 804 1 1 0
8068819 769 1 32 1
8070991 804 1 1 1
8071163 804 1 1 0
8071200 804 1 1 1
8071372 807 1 1 0
8071708 769 1 29 0
8075216 24 0 1 1
8077597 769 1 29 1
8077769 769 1 32 0
8078314 47 0 1 0
8079142 807 1 1 1
8080150 804 1 1 0
8084375 24 0 1 0
8085248 47 0 1 1
8085539 769 1 32 1
8086547 769 1 29 0
8090428 804 1 1 1
8091100 24 0 1 1
8091854 807 1 1 0
8092944 47 0 1 0
8096825 769 1 29 1
8098251 769 1 32 0
8101259 804 1 1 0
8101505 807 1 1 1
8103013 47 0 1 1
8104439 24 0 1 0
8107656 769 1 29 0
8107902 769 1 32 1
8112582 804 1 1 1
8112754 804 1 1 0
8112791 804 1 1 1
8112963 804 1 1 0
8113000 804 1 1 1
8113172 804 1 1 0
8113209 804 1 1 1
8113381 804 1 1 0
8113418 804 1 1 1
8113590 804 1 1 0
8113627 804 1 1 1
8113844 47 0 1 0
8115135 24 0 1 1
8115471 807 1 1 0
8120024 769 1 29 1
8121868 769 1 32 0
8124286 807 1 1 1
8125585 47 0 1 1
8125712 804 1 1 0
8128474 24 0 1 0
8130683 769 1 32 1
8132109 769 1 29 0
8133445 807 1 1 0
8134945 804 1 1 1
8137080 24 0 1 1
8138506 47 0 1 0
8139842 769 1 32 0
8140170 807 1 1 1
8141178 804 1 1 0
8141342 769 1 29 1
8146448 24 0 1 0
8146567 769 1 32 1
8147575 769 1 29 0
8148530 804 1 1 1
8148702 804 1 1 0
8148739 804 1 1 1
8148911 807 1 1 0
8150665 47 0 1 1
8150837 47 0 1 0
8150874 47 0 1 1
8152128 24 0 1 1
8155009 807 1 1 1
8155136 769 1 29 1
8155308 769 1 32 0
8155599 804 1 1 0
8156062 47 0 1 0
8161406 769 1 32 1
8161533 47 0 1 1
8161705 24 0 1 0
8161996 769 1 29 0
8168221 24 0 1 1
8168602 47 0 1 0
8169221 804 1 1 1
8169393 804 1 1 0
8169430 804 1 1 1
8171274 807 1 1 0
8175827 769 1 29 1
8177671 769 1 32 0
8178171 804 1 1 0
8179462 807 1 1 1
8182224 47 0 1 1
8184068 24 0 1 0
8184568 769 1 29 0
8185859 769 1 32 1
8188449 804 1 1 1
8191174 47 0 1 0
8193219 804 1 1 0
8194473 807 1 1 0
8194764 24 0 1 1
8194846 769 1 29 1
8199571 47 0 1 1
8199616 769 1 29 0
8200153 804 1 1 1
8200870 769 1 32 0
8206222 47 0 1 0
8206550 769 1 29 1
8207259 807 1 1 1
8207476 24 0 1 0
8213656 769 1 32 1
8215164 804 1 1 0
8215873 47 0 1 1
8216627 807 1 1 0
8217127 24 0 1 1
8221561 769 1 29 0
8223024 769 1 32 0
8223979 807 1 1 1
8228376 47 0 1 0
8229630 24 0 1 0
8230376 769 1 32 1
8232966 804 1 1 1
8238154 807 1 1 0
8239363 769 1 29 1
8240117 24 0 1 1
8243461 47 0 1 1
8244551 769 1 32 0
8251993 24 0 1 0
8257210 807 1 1 1
8257591 804 1 1 0
8263607 769 1 32 1
8263988 769 1 29 0
8265361 804 1 1 1
8265533 807 1 1 0
8270004 24 0 1 1
8270594 47 0 1 0
8271758 769 1 29 1
8271930 769 1 32 0
8277483 807 1 1 1
8278745 24 0 1 0
8279118 804 1 1 0
8280663 47 0 1 1
8283880 769 1 32 1
8285515 769 1 29 0
8288105 807 1 1 0
8288814 24 0 1 1
8288978 804 1 1 1
8292121 47 0 1 0
8294502 769 1 32 0
8295375 769 1 29 1
8296293 807 1 1 1
8296883 804 1 1 0
8300899 24 0 1 0
8302690 769 1 32 1
8303235 47 0 1 1
8303280 769 1 29 0
8307161 804 1 1 1
8307333 807 1 1 0
8308251 24 0 1 1
8310513 47 0 1 0
8313558 769 1 29 1
8313730 769 1 32 0
8313849 807 1 1 1
8314021 807 1 1 0
8314058 807 1 1 1
8316320 804 1 1 0
8319746 47 0 1 1
8320127 24 0 1 0
8320455 769 1 32 1
8322717 769 1 29 0
8327479 24 0 1 1
8328442 807 1 1 0
8329532 47 0 1 0
8329942 804 1 1 1
8334839 769 1 32 0
8336339 769 1 29 1
8337257 807 1 1 1
8337429 807 1 1 0
8337466 807 1 1 1
8341027 24 0 1 0
8341818 804 1 1 0
8343863 769 1 32 1
8345453 47 0 1 1
8346207 807 1 1 0
8348215 769 1 29 0
8348797 24 0 1 1
8351469 804 1 1 1
8352604 769 1 32 0
8354395 807 1 1 1
8356493 47 0 1 0
8357866 769 1 29 1
8358792 24 0 1 0
8360792 769 1 32 1
8363554 807 1 1 0
8363763 804 1 1 0
8365308 47 0 1 1
8367607 24 0 1 1
8369951 769 1 32 0
8370160 769 1 29 0
8370906 804 1 1 1
8372996 807 1 1 1
8373168 807 1 1 0
8373205 807 1 1 1
8376348 24 0 1 0
8377303 769 1 29 1
8377393 47 0 1 0
8379602 769 1 32 1
8381319 804 1 1 0
8381946 807 1 1 0
8384327 47 0 1 1
8386208 24 0 1 1
8387716 769 1 29 0
8388343 769 1 32 0
8388880 804 1 1 1
8394531 24 0 1 0
8395158 47 0 1 0
8395277 769 1 29 1
8401002 807 1 1 1
8404182 47 0 1 1
8404518 804 1 1 0
8407399 769 1 32 1
8409153 804 1 1 1
8409743 807 1 1 0
8410915 769 1 29 0
8412542 24 0 1 1
8415550 769 1 29 1
8416140 769 1 32 0
8416468 807 1 1 1
8417476 804 1 1 0
8422537 24 0 1 0
8422865 769 1 32 1
8423873 769 1 29 0
8425881 47 0 1 0
8426709 804 1 1 1
8427926 807 1 1 0
8432188 24 0 1 1
8433106 769 1 29 1
8434323 769 1 32 0
8435950 47 0 1 1
8437540 804 1 1 0
8438204 807 1 1 1
8441138 24 0 1 0
8443937 769 1 29 0
8444601 769 1 32 1
8449072 804 1 1 1
8450080 807 1 1 0
8450125 47 0 1 0
8452252 24 0 1 1
8455469 769 1 29 1
8456477 769 1 32 0
8458477 807 1 1 1
8459067 804 1 1 0
8460821 47 0 1 1
8463710 24 0 1 0
8464874 769 1 32 1
8465464 769 1 29 0
8468472 807 1 1 0
8468718 804 1 1 1
8471271 24 0 1 1
8471652 47 0 1 0
8474869 769 1 32 0
8475115 769 1 29 1
8476205 804 1 1 0
8477496 807 1 1 1
8481266 24 0 1 0
8482094 804 1 1 1
8482602 769 1 29 0
8483520 807 1 1 0
8483602 47 0 1 1
8483893 769 1 32 1
8488491 769 1 29 1
8488827 24 0 1 1
8488991 807 1 1 1
8489372 804 1 1 0
8489417 47 0 1 0
8489917 769 1 32 0
8494679 47 0 1 1
8495388 769 1 32 1
8495769 769 1 29 0
8496314 24 0 1 0
8502412 24 0 1 1
8502584 47 0 1 0
8503412 804 1 1 1
8504002 807 1 1 0
8509809 769 1 29 1
8510399 769 1 32 0
8511354 807 1 1 1
8512153 804 1 1 0
8516206 47 0 1 1
8516587 24 0 1 0
8517751 769 1 32 1
8518550 769 1 29 0
8524148 24 0 1 1
8525156 47 0 1 0
8527619 807 1 1 0
8527656 804 1 1 1
8527828 804 1 1 0
8527865 804 1 1 1
8534016 769 1 32 0
8534262 769 1 29 1
8540204 24 0 1 0
8541495 47 0 1 1
8541868 807 1 1 1
8542040 807 1 1 0
8542077 807 1 1 1
8543085 804 1 1 0
8548474 769 1 32 1
8549482 769 1 29 0
8554035 24 0 1 1
8556088 47 0 1 0
8561686 807 1 1 0
8567784 804 1 1 1
8568083 769 1 32 0
8574181 769 1 29 1
8574480 24 0 1 0
8583295 47 0 1 1
8585303 804 1 1 0
8591700 769 1 29 0
8596835 804 1 1 1
8598306 47 0 1 0
8601642 807 1 1 1
8603232 769 1 29 1
8605994 804 1 1 0
8608039 769 1 32 1
8609838 47 0 1 1
8612391 769 1 29 0
8612764 24 0 1 1
8614182 804 1 1 1
8615399 807 1 1 0
8620460 47 0 1 0
8620579 769 1 29 1
8621796 769 1 32 0
8623968 804 1 1 0
8626976 47 0 1 1
8628193 24 0 1 0
8628812 807 1 1 1
8630365 769 1 29 0
8633201 804 1 1 1
8635209 769 1 32 1
8636508 807 1 1 0
8636762 47 0 1 0
8639598 769 1 29 1
8641106 804 1 1 0
8642905 769 1 32 0
8644114 24 0 1 1
8644741 47 0 1 1
8644905 807 1 1 1
8647503 769 1 29 0
8649929 24 0 1 0
8651302 769 1 32 1
8653900 47 0 1 0
8655109 807 1 1 0
8659117 804 1 1 1
8660580 807 1 1 1
8660625 24 0 1 1
8661506 769 1 32 0
8663887 804 1 1 0
8665514 769 1 29 1
8666977 769 1 32 1
8667903 24 0 1 0
8670284 769 1 29 0
8670657 47 0 1 1
8672120 24 0 1 1
8673292 807 1 1 0
8676472 47 0 1 0
8678763 804 1 1 1
8679689 769 1 32 0
8685160 769 1 29 1
8686713 24 0 1 0
8687295 804 1 1 0
8693393 804 1 1 1
8693692 769 1 29 0
8695901 807 1 1 1
8699790 769 1 29 1
8702007 47 0 1 1
8702298 769 1 32 1
8704224 804 1 1 0
8704851 807 1 1 0
8707441 24 0 1 1
8710621 769 1 29 0
8711158 804 1 1 1
8711248 769 1 32 0
8713666 807 1 1 1
8717555 769 1 29 1
8717645 24 0 1 0
8718272 47 0 1 0
8719272 807 1 1 0
8720063 769 1 32 1
8724579 47 0 1 1
8725579 807 1 1 1
8725669 769 1 32 0
8727087 24 0 1 1
8730558 807 1 1 0
8731976 769 1 32 1
8732275 24 0 1 0
8733275 804 1 1 0
8736955 769 1 32 0
8738582 24 0 1 1
8739672 769 1 29 0
8741045 807 1 1 1
8743561 24 0 1 0
8744389 804 1 1 1
8746278 47 0 1 0
8747442 769 1 32 1
8748532 807 1 1 0
8750786 769 1 29 1
8754929 769 1 32 0
8755093 47 0 1 1
8755720 24 0 1 1
8757556 807 1 1 1
8757728 804 1 1 0
8761535 24 0 1 0
8763953 769 1 32 1
8764125 769 1 29 0
8769260 804 1 1 1
8769432 807 1 1 0
8770559 24 0 1 1
8770940 47 0 1 0
8775657 769 1 29 1
8775829 769 1 32 0
8778247 807 1 1 1
8778419 804 1 1 0
8782054 47 0 1 1
8782435 24 0 1 0
8784644 769 1 32 1
8784816 769 1 29 0
8789078 807 1 1 0
8789533 804 1 1 1
8791041 24 0 1 1
8791213 47 0 1 0
8795475 769 1 32 0
8795930 769 1 29 1
8796848 807 1 1 1
8797229 804 1 1 0
8801663 24 0 1 0
8802282 804 1 1 1
8803245 769 1 32 1
8803372 47 0 1 1
8803499 807 1 1 0
8803626 769 1 29 0
8808515 804 1 1 0
8808679 769 1 29 1
8808806 24 0 1 1
8809179 807 1 1 1
8809896 769 1 32 0
8810441 47 0 1 0
8814912 769 1 29 0
8815076 47 0 1 1
8815576 769 1 32 1
8816502 24 0 1 0
8821309 47 0 1 0
8821510 804 1 1 1
8824190 807 1 1 0
8824899 24 0 1 1
8827907 769 1 29 1
8830251 804 1 1 0
8830587 769 1 32 0
8831960 807 1 1 1
8832214 47 0 1 1
8836648 769 1 29 0
8837820 24 0 1 0
8838357 769 1 32 1
8843045 47 0 1 0
8844918 804 1 1 1
8847262 24 0 1 1
8847807 807 1 1 0
8851315 769 1 29 1
8854204 769 1 32 0
8856667 47 0 1 1
8860175 807 1 1 1
8860556 804 1 1 0
8862273 24 0 1 0
8866572 769 1 32 1
8866953 769 1 29 0
8872760 24 0 1 1
8873559 47 0 1 0
8881702 804 1 1 1
8883755 807 1 1 0
8888099 769 1 29 1
8890152 769 1 32 0
8895959 47 0 1 1
8897176 24 0 1 0
8907790 804 1 1 0
8911798 807 1 1 1
8914187 769 1 29 0
8914306 804 1 1 1
8918195 769 1 32 1
8920703 769 1 29 1
8920793 47 0 1 0
8921793 807 1 1 0
8923256 804 1 1 0
8925428 24 0 1 1
8927309 47 0 1 1
8928190 769 1 32 0
8929653 769 1 29 0
8931862 807 1 1 1
8932034 807 1 1 0
8932071 807 1 1 1
8932489 804 1 1 1
8935841 47 0 1 0
8935841 24 0 1 0
8937886 804 1 1 0
8938468 769 1 32 1
8938886 769 1 29 1
8944283 769 1 29 0
8944574 807 1 1 0
8944865 24 0 1 1
8945701 47 0 1 1
8947328 804 1 1 1
8950680 47 0 1 0
8950971 769 1 32 0
8953725 769 1 29 1
8957159 24 0 1 0
8957569 807 1 1 1
8960876 804 1 1 0
8962839 47 0 1 1
8963966 769 1 32 1
8967273 769 1 29 0
8968064 24 0 1 1
8968400 807 1 1 0
8969482 804 1 1 1
8974715 47 0 1 0
8974797 769 1 32 0
8975879 769 1 29 1
8978641 804 1 1 0
8978678 807 1 1 1
8981194 24 0 1 0
8983948 47 0 1 1
8985038 769 1 29 0
8985075 769 1 32 1
8990845 24 0 1 1
8992898 47 0 1 0
8994980 804 1 1 1
8996197 807 1 1 0
9001377 769 1 29 1
9001668 807 1 1 1
9001840 804 1 1 0
9002594 769 1 32 0
9007774 47 0 1 1
9008065 769 1 32 1
9008237 769 1 29 0
9008782 24 0 1 0
9014208 804 1 1 1
9014380 804 1 1 0
9015052 47 0 1 0
9015462 804 1 1 1
9015634 804 1 1 0
9015843 807 1 1 0
9016970 24 0 1 1
9017134 804 1 1 1
9017306 804 1 1 0
9017343 804 1 1 1
9022240 769 1 32 0
9023740 769 1 29 1
9029092 47 0 1 1
9029264 24 0 1 0
9033018 807 1 1 1
9034235 804 1 1 0
9039415 769 1 32 1
9039706 804 1 1 1
9039878 807 1 1 0
9040632 769 1 29 0
9045812 24 0 1 1
9046103 769 1 29 1
9046275 769 1 32 0
9046820 47 0 1 0
9047439 807 1 1 1
9049283 804 1 1 0
9052500 47 0 1 1
9052881 24 0 1 0
9053836 769 1 32 1
9055680 769 1 29 0
9055971 807 1 1 0
9058516 804 1 1 1
9060233 24 0 1 1
9061868 47 0 1 0
9062368 769 1 32 0
9064913 769 1 29 1
9068765 24 0 1 0
9073818 47 0 1 1
9075826 804 1 1 0
9077953 807 1 1 1
9081506 804 1 1 1
9082223 769 1 29 0
9084350 769 1 32 1
9087530 807 1 1 0
9087903 769 1 29 1
9089911 24 0 1 1
9093927 769 1 32 0
9095472 804 1 1 0
9100115 24 0 1 0
9101869 769 1 29 0
9102824 807 1 1 1
9103877 47 0 1 0
9109221 769 1 32 1
9112229 804 1 1 1
9113655 807 1 1 0
9118335 24 0 1 1
9118626 769 1 29 1
9119089 804 1 1 0
9120052 769 1 32 0
9122515 47 0 1 1
9125486 769 1 29 0
9125605 807 1 1 1
9125777 807 1 1 0
9125814 807 1 1 1
9127703 24 0 1 0
9131674 47 0 1 0
9132211 769 1 32 1
9132293 804 1 1 1
9138108 804 1 1 0
9138690 769 1 29 1
9139153 807 1 1 0
9141116 24 0 1 1
9144042 47 0 1 1
9144505 769 1 29 0
9145550 769 1 32 0
9147550 807 1 1 1
9147550 804 1 1 1
9147722 804 1 1 0
9147759 804 1 1 1
9147931 804 1 1 0
9147968 804 1 1 1
9148140 804 1 1 0
9148177 804 1 1 1
9148349 804 1 1 0
9148386 804 1 1 1
9148558 804 1 1 0
9148595 804 1 1 1
9148767 804 1 1 0
9148804 804 1 1 1
9148976 804 1 1 0
9149013 804 1 1 1
9149185 804 1 1 0
9150693 47 0 1 0
9152574 24 0 1 0
9153947 769 1 32 1
9159045 804 1 1 1
9161807 24 0 1 1
9163188 807 1 1 0
9165442 769 1 29 1
9169585 769 1 32 0
9170503 804 1 1 0
9170794 47 0 1 1
9176900 769 1 29 0
9178072 24 0 1 0
9179318 807 1 1 1
9183088 47 0 1 0
9184125 804 1 1 1
9185715 769 1 32 1
9186805 807 1 1 0
9190522 769 1 29 1
9193202 769 1 32 0
9193784 24 0 1 1
9197128 47 0 1 1
9197710 807 1 1 1
9198091 804 1 1 0
9201271 24 0 1 0
9204107 769 1 32 1
9204488 769 1 29 0
9210295 24 0 1 1
9211094 47 0 1 0
9219409 807 1 1 0
9225806 769 1 32 0
9231994 24 0 1 0
9234912 804 1 1 1
9241309 769 1 29 1
9247870 807 1 1 1
9249505 804 1 1 0
9251886 47 0 1 1
9254267 769 1 32 1
9255902 769 1 29 0
9257947 24 0 1 1
9258947 804 1 1 1
9259328 807 1 1 0
9263135 47 0 1 0
9265344 769 1 29 1
9265725 769 1 32 0
9269151 804 1 1 0
9271741 47 0 1 1
9272331 24 0 1 0
9275548 769 1 29 0
9276921 807 1 1 1
9279220 804 1 1 1
9281945 47 0 1 0
9283318 769 1 32 1
9283781 807 1 1 0
9285617 769 1 29 1
9290178 769 1 32 0
9290969 24 0 1 1
9291596 47 0 1 1
9295313 807 1 1 1
9295903 804 1 1 0
9297202 24 0 1 0
9301710 769 1 32 1
9302300 769 1 29 0
9305099 807 1 1 0
9305972 804 1 1 1
9308316 24 0 1 1
9308906 47 0 1 0
9311496 769 1 32 0
9312369 769 1 29 1
9314332 807 1 1 1
9315549 804 1 1 0
9317893 24 0 1 0
9320647 47 0 1 1
9320729 769 1 32 1
9321946 769 1 29 0
9325872 24 0 1 1
9329179 47 0 1 0
9331851 807 1 1 0
9332724 804 1 1 1
9336695 807 1 1 1
9338248 769 1 32 0
9338330 804 1 1 0
9339121 769 1 29 1
9343092 769 1 32 1
9344645 24 0 1 0
9344727 769 1 29 0
9345727 47 0 1 1
9350116 24 0 1 1
9351751 47 0 1 0
9353169 807 1 1 0
9354251 804 1 1 1
9359566 769 1 32 0
9360648 769 1 29 1
9366172 24 0 1 0
9368672 807 1 1 1
9368717 47 0 1 1
9375069 769 1 32 1
9376159 807 1 1 0
9379503 804 1 1 0
9380839 24 0 1 1
9382556 769 1 32 0
9385900 769 1 29 0
9387900 807 1 1 1
9389162 24 0 1 0
9389990 804 1 1 1
9392088 47 0 1 0
9394133 807 1 1 0
9394297 769 1 32 1
9396387 769 1 29 1
9400530 769 1 32 0
9401112 47 0 1 1
9401948 24 0 1 1
9406927 24 0 1 0
9414025 807 1 1 1
9414406 804 1 1 0
9420049 807 1 1 0
9420422 769 1 32 1
9420803 769 1 29 0
9422176 804 1 1 1
9426446 769 1 32 0
9426819 24 0 1 1
9427618 47 0 1 0
9428028 807 1 1 1
9428573 769 1 29 1
9432589 804 1 1 0
9432843 24 0 1 0
9434425 769 1 32 1
9436978 807 1 1 0
9437269 47 0 1 1
9438986 769 1 29 0
9439986 24 0 1 1
9443375 769 1 32 0
9443703 804 1 1 1
9443875 804 1 1 0
9443912 807 1 1 1
9446002 804 1 1 1
9447055 47 0 1 0
9449772 24 0 1 0
9450309 769 1 32 1
9452399 769 1 29 1
9452862 807 1 1 0
9457751 47 0 1 1
9458169 24 0 1 1
9458296 804 1 1 0
9459259 769 1 32 0
9464185 807 1 1 1
9464693 769 1 29 0
9465865 24 0 1 0
9466484 804 1 1 1
9470582 769 1 32 1
9471090 47 0 1 0
9472090 804 1 1 0
9472881 769 1 29 1
9477815 24 0 1 1
9478487 769 1 29 0
9478651 47 0 1 1
9481286 807 1 1 0
9484884 47 0 1 0
9486548 804 1 1 1
9487683 769 1 32 0
9487802 807 1 1 1
9487974 807 1 1 0
9488011 807 1 1 1
9492945 769 1 29 1
9493871 24 0 1 0
9494244 804 1 1 0
9494408 769 1 32 1
9499760 47 0 1 1
9499969 24 0 1 1
9500641 769 1 29 0
9505948 807 1 1 0
9506829 47 0 1 0
9510583 804 1 1 1
9510755 804 1 1 0
9510792 804 1 1 1
9512345 769 1 32 0
9514972 807 1 1 1
9517189 769 1 29 1
9518951 24 0 1 0
9520787 804 1 1 0
9521369 769 1 32 1
9525258 47 0 1 1
9526430 807 1 1 0
9527139 24 0 1 1
9527184 769 1 29 0
9532110 804 1 1 1
9532282 804 1 1 0
9532319 804 1 1 1
9532827 769 1 32 0
9534626 47 0 1 0
9537126 807 1 1 1
9538716 769 1 29 1
9539433 24 0 1 0
9541896 807 1 1 0
9543523 769 1 32 1
9546994 47 0 1 1
9548293 769 1 32 0
9549502 24 0 1 1
9549629 804 1 1 0
9551338 807 1 1 1
9554690 24 0 1 0
9556026 769 1 29 0
9557735 769 1 32 1
9563677 47 0 1 0
9566640 24 0 1 1
9571402 804 1 1 1
9574291 807 1 1 0
9577799 769 1 29 1
9580688 769 1 32 0
9580770 804 1 1 0
9582106 47 0 1 1
9584987 807 1 1 1
9585159 807 1 1 0
9585823 807 1 1 1
9585995 807 1 1 0
9586032 807 1 1 1
9587167 769 1 29 0
9587503 24 0 1 0
9589794 804 1 1 1
9592429 769 1 32 1
9593773 47 0 1 0
9596191 769 1 29 1
9597490 807 1 1 0
9600289 24 0 1 1
9602379 47 0 1 1
9603887 769 1 32 0
9610657 804 1 1 0
9611747 24 0 1 0
9616128 807 1 1 1
9617054 769 1 29 0
9622525 769 1 32 1
9623242 47 0 1 0
9623443 804 1 1 1
9626123 807 1 1 0
9629840 769 1 29 1
9631639 24 0 1 1
9632520 769 1 32 0
9634983 47 0 1 1
9637655 807 1 1 1
9638872 804 1 1 0
9640798 24 0 1 0
9644052 769 1 32 1
9645269 769 1 29 0
9648486 807 1 1 0
9650449 24 0 1 1
9651666 47 0 1 0
9653330 804 1 1 1
9654883 769 1 32 0
9659727 769 1 29 1
9661272 807 1 1 1
9661280 24 0 1 0
9665206 804 1 1 0
9667669 769 1 32 1
9669886 47 0 1 1
9671349 24 0 1 1
9671603 769 1 29 0
9673394 804 1 1 1
9673984 807 1 1 0
9678836 47 0 1 0
9679791 769 1 29 1
9680381 769 1 32 0
9683807 804 1 1 0
9686188 47 0 1 1
9686569 24 0 1 0
9688024 807 1 1 1
9690204 769 1 29 0
9694421 769 1 32 1
9696601 47 0 1 0
9698683 804 1 1 1
9704162 24 0 1 1
9705080 769 1 29 1
9705961 804 1 1 0
9709387 47 0 1 1
9712358 769 1 29 0
9716411 807 1 1 0
9718755 47 0 1 0
9722808 769 1 32 0
9723972 804 1 1 1
9726271 807 1 1 1
9729414 24 0 1 0
9730369 769 1 29 1
9731250 807 1 1 0
9732668 769 1 32 1
9737393 24 0 1 1
9737647 769 1 32 0
9737811 47 0 1 1
9744253 24 0 1 0
9745044 804 1 1 0
9748634 807 1 1 1
9751441 769 1 29 0
9751560 804 1 1 1
9755031 769 1 32 1
9757629 47 0 1 0
9757957 769 1 29 1
9758420 807 1 1 0
9762473 24 0 1 1
9763936 47 0 1 1
9764817 769 1 32 0
9772050 24 0 1 0
9777230 804 1 1 0
9783119 807 1 1 1
9783627 769 1 29 0
9787508 804 1 1 1
9789516 769 1 32 1
9789979 807 1 1 0
9790024 47 0 1 0
9793905 769 1 29 1
9795659 807 1 1 1
9796376 769 1 32 0
9797085 804 1 1 0
9797585 24 0 1 1
9799675 47 0 1 1
9802056 769 1 32 1
9803482 769 1 29 0
9804818 807 1 1 0
9809670 47 0 1 0
9809871 804 1 1 1
9811215 769 1 32 0
9811334 807 1 1 1
9813223 24 0 1 0
9816268 769 1 29 1
9817149 807 1 1 0
9817731 769 1 32 1
9822374 804 1 1 0
9823501 24 0 1 1
9823546 769 1 32 0
9823710 47 0 1 1
9827009 807 1 1 1
9827636 804 1 1 1
9827808 804 1 1 0
9827845 804 1 1 1
9828771 769 1 29 0
9829943 24 0 1 0
9833406 769 1 32 1
9833451 804 1 1 0
9834242 769 1 29 1
9835377 47 0 1 0
9839848 769 1 29 0
9840012 24 0 1 1
9840430 47 0 1 1
9846036 47 0 1 0
9847245 807 1 1 0
9853134 804 1 1 1
9853642 769 1 32 0
9855224 807 1 1 1
9859531 769 1 29 1
9859576 804 1 1 0
9859830 24 0 1 0
9861621 769 1 32 1
9865973 769 1 29 0
9866555 47 0 1 1
9867182 24 0 1 1
9872579 47 0 1 0
9874243 804 1 1 1
9875042 807 1 1 0
9880640 769 1 29 1
9881439 769 1 32 0
9883820 804 1 1 0
9885111 807 1 1 1
9886828 47 0 1 1
9887627 24 0 1 0
9890217 769 1 29 0
9891508 769 1 32 1
9893262 804 1 1 1
9894061 807 1 1 0
9896405 47 0 1 0
9899659 769 1 29 1
9900458 769 1 32 0
9900622 24 0 1 1
9904175 47 0 1 1
9908109 24 0 1 0
9915625 807 1 1 1
9916424 804 1 1 0
9922022 769 1 32 1
9922821 769 1 29 0
9928419 24 0 1 1
9929427 47 0 1 0
9938996 807 1 1 0
9944885 804 1 1 1
9945393 769 1 32 0
9947393 807 1 1 1
9951282 769 1 29 1
9951999 24 0 1 0
9953208 804 1 1 0
9953790 769 1 32 1
9957597 807 1 1 0
9959351 24 0 1 1
9959605 769 1 29 0
9959769 47 0 1 1
9960142 804 1 1 1
9963994 769 1 32 0
9966002 47 0 1 0
9966539 769 1 29 1
9971018 24 0 1 0
9975653 47 0 1 1
9977698 807 1 1 1
9977870 807 1 1 0
9977907 807 1 1 1
9979960 804 1 1 0
9984304 769 1 32 1
9986357 769 1 29 0
9989029 24 0 1 1
9990410 807 1 1 0
9992955 804 1 1 1
9994426 47 0 1 0
9996807 769 1 32 0
9999352 769 1 29 1
769 1 29 0
9384265 769 1 32 1
9390416 47 0 1 0
9390662 24 0 1 1
9392080 804 1 1 1
9393297 807 1 1 0
9398477 769 1 29 1
9399485 769 1 32 0
9402075 804 1 1 0
9402739 807 1 1 1
9405501 47 0 1 1
9406300 24 0 1 0
9408472 769 1 29 0
9408927 769 1 32 1
9414652 804 1 1 1
9414660 47 0 1 0
9415742 24 0 1 1
9415869 807 1 1 0
9421049 769 1 29 1
9422057 769 1 32 0
9427237 47 0 1 1
9428872 24 0 1 0
9430499 804 1 1 0
9431790 807 1 1 1
9436896 769 1 29 0
9437015 804 1 1 1
9437814 807 1 1 0
9437978 769 1 32 1
9443084 47 0 1 0
9443412 769 1 29 1
9444002 769 1 32 0
9445420 24 0 1 1
9447047 807 1 1 1
9447219 804 1 1 0
9449391 47 0 1 1
9451235 24 0 1 0
9453235 769 1 32 1
9453616 769 1 29 0
9459632 24 0 1 1
9460013 47 0 1 0
9460632 804 1 1 1
9460804 807 1 1 0
9466992 769 1 32 0
9467029 769 1 29 1
9469373 804 1 1 0
9469410 807 1 1 1
9473598 24 0 1 0
9474262 47 0 1 1
9475598 769 1 32 1
9475770 769 1 29 0
9480069 804 1 1 1
9480450 807 1 1 0
9481577 24 0 1 1
9482376 47 0 1 0
9486466 769 1 29 1
9486638 769 1 32 0
9489646 804 1 1 0
9490728 807 1 1 1
9492826 24 0 1 0
9492863 47 0 1 1
9496043 769 1 29 0
9496916 769 1 32 1
9498252 804 1 1 1
9498842 807 1 1 0
9502231 47 0 1 0
9503686 807 1 1 1
9504149 24 0 1 1
9504649 769 1 29 1
9504694 804 1 1 0
9505030 769 1 32 0
9509874 769 1 32 1
9510419 47 0 1 1
9511091 769 1 29 0
9514099 807 1 1 0
9514136 804 1 1 1
9517488 47 0 1 0
9520287 769 1 32 0
9520533 769 1 29 1
9522295 24 0 1 0
9529229 47 0 1 1
9541060 804 1 1 0
9542351 807 1 1 1
9547457 769 1 29 0
9547576 804 1 1 1
9548539 769 1 32 1
9549420 807 1 1 0
9553891 24 0 1 1
9553973 769 1 29 1
9555317 47 0 1 0
9555608 769 1 32 0
9556944 804 1 1 0
9557399 807 1 1 1
9560370 47 0 1 1
9561796 24 0 1 0
9563341 769 1 29 0
9563587 769 1 32 1
9569730 804 1 1 1
9569738 47 0 1 0
9570529 807 1 1 0
9571029 24 0 1 1
9576127 769 1 29 1
9576717 769 1 32 0
9578680 804 1 1 0
9579553 807 1 1 1
9581897 47 0 1 1
9583323 24 0 1 0
9585077 769 1 29 0
9585741 769 1 32 1
9586241 804 1 1 1
9586622 807 1 1 0
9591474 47 0 1 0
9591675 807 1 1 1
9592474 804 1 1 0
9592556 24 0 1 1
9592638 769 1 29 1
9592810 769 1 32 0
9597863 769 1 32 1
9598826 47 0 1 1
9598871 769 1 29 0
9599625 24 0 1 0
9603588 804 1 1 1
9603760 807 1 1 0
9604260 24 0 1 1
9605059 47 0 1 0
9609948 769 1 32 0
9609985 769 1 29 1
9612747 804 1 1 0
9613202 807 1 1 1
9616554 24 0 1 0
9616591 47 0 1 1
9619144 769 1 29 0
9619390 769 1 32 1
9624697 804 1 1 1
9625332 47 0 1 0
9625705 807 1 1 0
9625996 24 0 1 1
9631094 769 1 29 1
9631893 769 1 32 0
9634065 804 1 1 0
9635356 807 1 1 1
9637073 47 0 1 1
9638499 24 0 1 0
9640462 769 1 29 0
9641544 769 1 32 1
9646224 804 1 1 1
9646650 47 0 1 0
9647859 807 1 1 0
9649195 24 0 1 1
9652621 769 1 29 1
9654047 769 1 32 0
9657473 804 1 1 0
9658346 807 1 1 1
9658391 47 0 1 1
9661280 24 0 1 0
9663870 769 1 29 0
9664534 769 1 32 1
9667751 804 1 1 1
9668341 807 1 1 0
9670267 47 0 1 0
9671349 24 0 1 1
9674148 769 1 29 1
9674529 769 1 32 0
9677746 804 1 1 0
9677783 807 1 1 1
9680754 47 0 1 1
9681553 24 0 1 0
9683971 769 1 32 1
9684143 769 1 29 0
9689905 804 1 1 1
9690331 47 0 1 0
9690368 24 0 1 1
9690495 807 1 1 0
9696302 769 1 29 1
9696683 769 1 32 0
9699900 804 1 1 0
9700564 807 1 1 1
9702908 47 0 1 1
9703289 24 0 1 0
9706297 769 1 29 0
9706752 769 1 32 1
9712694 47 0 1 0
9712895 804 1 1 1
9713567 24 0 1 1
9714321 807 1 1 0
9719292 769 1 29 1
9720509 769 1 32 0
9725480 47 0 1 1
9727115 24 0 1 0
9730832 804 1 1 0
9732123 807 1 1 1
9737139 804 1 1 1
9737229 769 1 29 0
9738311 769 1 32 1
9738983 807 1 1 0
9743536 769 1 29 1
9743626 47 0 1 0
9745171 769 1 32 0
9745544 24 0 1 1
9745880 804 1 1 0
9746753 807 1 1 1
9749515 47 0 1 1
9752277 769 1 29 0
9752404 24 0 1 0
9752941 769 1 32 1
9758465 47 0 1 0
9758666 804 1 1 1
9759674 807 1 1 0
9760174 24 0 1 1
9765063 769 1 29 1
9765862 769 1 32 0
9768243 804 1 1 0
9769116 807 1 1 1
9771251 47 0 1 1
9773095 24 0 1 0
9774640 769 1 29 0
9775304 769 1 32 1
9777685 804 1 1 1
9778693 807 1 1 0
9780828 47 0 1 0
9782537 24 0 1 1
9784082 769 1 29 1
9784881 769 1 32 0
9786217 804 1 1 0
9787926 807 1 1 1
9790270 47 0 1 1
9792114 24 0 1 0
9792614 769 1 29 0
9793151 804 1 1 1
9794114 769 1 32 1
9797503 807 1 1 0
9798802 47 0 1 0
9799548 769 1 29 1
9801892 804 1 1 0
9801974 24 0 1 1
9803691 769 1 32 0
9805527 47 0 1 1
9806945 807 1 1 1
9808289 769 1 29 0
9811342 24 0 1 0
9812170 804 1 1 1
9813133 769 1 32 1
9814477 47 0 1 0
9816940 807 1 1 0
9818567 769 1 29 1
9821202 24 0 1 1
9821747 804 1 1 0
9823128 769 1 32 0
9824546 47 0 1 1
9826591 807 1 1 1
9828144 769 1 29 0
9829935 804 1 1 1
9830107 804 1 1 0
9831189 804 1 1 1
9831197 24 0 1 0
9832779 769 1 32 1
9834332 47 0 1 0
9837586 769 1 29 1
9837840 807 1 1 0
9840139 804 1 1 0
9840639 24 0 1 1
9843774 47 0 1 1
9844028 769 1 32 0
9846536 769 1 29 0
9847491 807 1 1 1
9848745 804 1 1 1
9851888 24 0 1 0
9852724 47 0 1 0
9853679 769 1 32 1
9855142 769 1 29 1
9856859 804 1 1 0
9858740 807 1 1 0
9860494 24 0 1 1
9861957 47 0 1 1
9863256 769 1 29 0
9864928 769 1 32 0
9866928 804 1 1 1
9867137 807 1 1 1
9869653 47 0 1 0
9871325 24 0 1 0
9872743 804 1 1 0
9873325 769 1 32 1
9873325 769 1 29 1
9879140 769 1 29 0
9879304 24 0 1 1
9879931 47 0 1 1
9882357 807 1 1 0
9883021 804 1 1 1
9885537 47 0 1 0
9888545 769 1 32 0
9889418 769 1 29 1
9894942 24 0 1 0
9896651 47 0 1 1
9900331 804 1 1 0
9900786 807 1 1 1
9906728 769 1 29 0
9906974 769 1 32 1
9912535 24 0 1 1
9913543 47 0 1 0
9914371 804 1 1 1
9915797 807 1 1 0
9920768 769 1 29 1
9921985 769 1 32 0
9924366 804 1 1 0
9925448 807 1 1 1
9927165 47 0 1 1
9928173 24 0 1 0
9930763 769 1 29 0
9931636 769 1 32 1
9936943 804 1 1 1
9937160 47 0 1 0
9938160 807 1 1 0
9939078 24 0 1 1
9943340 769 1 29 1
9944348 769 1 32 0
9949110 47 0 1 1
9951372 24 0 1 0
9953208 804 1 1 0
9954290 807 1 1 1
9959097 804 1 1 1
9959605 769 1 29 0
9960478 769 1 32 1
9960732 807 1 1 0
9965494 769 1 29 1
9966002 47 0 1 0
9966920 769 1 32 0
9967711 24 0 1 1
9968883 804 1 1 0
9969756 807 1 1 1
9971891 47 0 1 1
9974153 24 0 1 0
9975280 769 1 29 0
9975944 769 1 32 1
9981677 47 0 1 0
9982296 804 1 1 1
9982968 24 0 1 1
9983095 807 1 1 0
9988693 769 1 29 1
9989283 769 1 32 0
9991701 807 1 1 1
9992082 804 1 1 0
9995090 47 0 1 1
9996307 24 0 1 0
9997889 769 1 32 1
9998479 769 1 29 0
