808 40 32 1024
768 769 770 771 772 773 774 775 776 777 778 779 780 781 782 783 784 785 786 787 788 789 790 791 792 793 794 795 796 797 798 799 800 801 802 803 804 805 806 807 
0 768 40000000000.0 2us 0
1 768 40000000000.0 2us 0
2 768 40000000000.0 2us 0
3 768 40000000000.0 2us 0
4 768 40000000000.0 2us 0
5 768 40000000000.0 2us 0
6 768 40000000000.0 2us 0
7 768 40000000000.0 2us 0
8 768 40000000000.0 2us 0
9 768 40000000000.0 2us 0
10 768 40000000000.0 2us 0
11 768 40000000000.0 2us 0
12 768 40000000000.0 2us 0
13 768 40000000000.0 2us 0
14 768 40000000000.0 2us 0
15 768 40000000000.0 2us 0
16 768 40000000000.0 2us 0
17 768 40000000000.0 2us 0
18 768 40000000000.0 2us 0
19 768 40000000000.0 2us 0
20 768 40000000000.0 2us 0
21 768 40000000000.0 2us 0
22 768 40000000000.0 2us 0
23 768 40000000000.0 2us 0
24 769 40000000000.0 2us 0
25 769 40000000000.0 2us 0
26 769 40000000000.0 2us 0
27 769 40000000000.0 2us 0
28 769 40000000000.0 2us 0
29 769 40000000000.0 2us 0
30 769 40000000000.0 2us 0
31 769 40000000000.0 2us 0
32 769 40000000000.0 2us 0
33 769 40000000000.0 2us 0
34 769 40000000000.0 2us 0
35 769 40000000000.0 2us 0
36 769 40000000000.0 2us 0
37 769 40000000000.0 2us 0
38 769 40000000000.0 2us 0
39 769 40000000000.0 2us 0
40 769 40000000000.0 2us 0
41 769 40000000000.0 2us 0
42 769 40000000000.0 2us 0
43 769 40000000000.0 2us 0
44 769 40000000000.0 2us 0
45 769 40000000000.0 2us 0
46 769 40000000000.0 2us 0
47 769 40000000000.0 2us 0
48 770 40000000000.0 2us 0
49 770 40000000000.0 2us 0
50 770 40000000000.0 2us 0
51 770 40000000000.0 2us 0
52 770 40000000000.0 2us 0
53 770 40000000000.0 2us 0
54 770 40000000000.0 2us 0
55 770 40000000000.0 2us 0
56 770 40000000000.0 2us 0
57 770 40000000000.0 2us 0
58 770 40000000000.0 2us 0
59 770 40000000000.0 2us 0
60 770 40000000000.0 2us 0
61 770 40000000000.0 2us 0
62 770 40000000000.0 2us 0
63 770 40000000000.0 2us 0
64 770 40000000000.0 2us 0
65 770 40000000000.0 2us 0
66 770 40000000000.0 2us 0
67 770 40000000000.0 2us 0
68 770 40000000000.0 2us 0
69 770 40000000000.0 2us 0
70 770 40000000000.0 2us 0
71 770 40000000000.0 2us 0
72 771 40000000000.0 2us 0
73 771 40000000000.0 2us 0
74 771 40000000000.0 2us 0
75 771 40000000000.0 2us 0
76 771 40000000000.0 2us 0
77 771 40000000000.0 2us 0
78 771 40000000000.0 2us 0
79 771 40000000000.0 2us 0
80 771 40000000000.0 2us 0
81 771 40000000000.0 2us 0
82 771 40000000000.0 2us 0
83 771 40000000000.0 2us 0
84 771 40000000000.0 2us 0
85 771 40000000000.0 2us 0
86 771 40000000000.0 2us 0
87 771 40000000000.0 2us 0
88 771 40000000000.0 2us 0
89 771 40000000000.0 2us 0
90 771 40000000000.0 2us 0
91 771 40000000000.0 2us 0
92 771 40000000000.0 2us 0
93 771 40000000000.0 2us 0
94 771 40000000000.0 2us 0
95 771 40000000000.0 2us 0
96 772 40000000000.0 2us 0
97 772 40000000000.0 2us 0
98 772 40000000000.0 2us 0
99 772 40000000000.0 2us 0
100 772 40000000000.0 2us 0
101 772 40000000000.0 2us 0
102 772 40000000000.0 2us 0
103 772 40000000000.0 2us 0
104 772 40000000000.0 2us 0
105 772 40000000000.0 2us 0
106 772 40000000000.0 2us 0
107 772 40000000000.0 2us 0
108 772 40000000000.0 2us 0
109 772 40000000000.0 2us 0
110 772 40000000000.0 2us 0
111 772 40000000000.0 2us 0
112 772 40000000000.0 2us 0
113 772 40000000000.0 2us 0
114 772 40000000000.0 2us 0
115 772 40000000000.0 2us 0
116 772 40000000000.0 2us 0
117 772 40000000000.0 2us 0
118 772 40000000000.0 2us 0
119 772 40000000000.0 2us 0
120 773 40000000000.0 2us 0
121 773 40000000000.0 2us 0
122 773 40000000000.0 2us 0
123 773 40000000000.0 2us 0
124 773 40000000000.0 2us 0
125 773 40000000000.0 2us 0
126 773 40000000000.0 2us 0
127 773 40000000000.0 2us 0
128 773 40000000000.0 2us 0
129 773 40000000000.0 2us 0
130 773 40000000000.0 2us 0
131 773 40000000000.0 2us 0
132 773 40000000000.0 2us 0
133 773 40000000000.0 2us 0
134 773 40000000000.0 2us 0
135 773 40000000000.0 2us 0
136 773 40000000000.0 2us 0
137 773 40000000000.0 2us 0
138 773 40000000000.0 2us 0
139 773 40000000000.0 2us 0
140 773 40000000000.0 2us 0
141 773 40000000000.0 2us 0
142 773 40000000000.0 2us 0
143 773 40000000000.0 2us 0
144 774 40000000000.0 2us 0
145 774 40000000000.0 2us 0
146 774 40000000000.0 2us 0
147 774 40000000000.0 2us 0
148 774 40000000000.0 2us 0
149 774 40000000000.0 2us 0
150 774 40000000000.0 2us 0
151 774 40000000000.0 2us 0
152 774 40000000000.0 2us 0
153 774 40000000000.0 2us 0
154 774 40000000000.0 2us 0
155 774 40000000000.0 2us 0
156 774 40000000000.0 2us 0
157 774 40000000000.0 2us 0
158 774 40000000000.0 2us 0
159 774 40000000000.0 2us 0
160 774 40000000000.0 2us 0
161 774 40000000000.0 2us 0
162 774 40000000000.0 2us 0
163 774 40000000000.0 2us 0
164 774 40000000000.0 2us 0
165 774 40000000000.0 2us 0
166 774 40000000000.0 2us 0
167 774 40000000000.0 2us 0
168 775 40000000000.0 2us 0
169 775 40000000000.0 2us 0
170 775 40000000000.0 2us 0
171 775 40000000000.0 2us 0
172 775 40000000000.0 2us 0
173 775 40000000000.0 2us 0
174 775 40000000000.0 2us 0
175 775 40000000000.0 2us 0
176 775 40000000000.0 2us 0
177 775 40000000000.0 2us 0
178 775 40000000000.0 2us 0
179 775 40000000000.0 2us 0
180 775 40000000000.0 2us 0
181 775 40000000000.0 2us 0
182 775 40000000000.0 2us 0
183 775 40000000000.0 2us 0
184 775 40000000000.0 2us 0
185 775 40000000000.0 2us 0
186 775 40000000000.0 2us 0
187 775 40000000000.0 2us 0
188 775 40000000000.0 2us 0
189 775 40000000000.0 2us 0
190 775 40000000000.0 2us 0
191 775 40000000000.0 2us 0
192 776 40000000000.0 2us 0
193 776 40000000000.0 2us 0
194 776 40000000000.0 2us 0
195 776 40000000000.0 2us 0
196 776 40000000000.0 2us 0
197 776 40000000000.0 2us 0
198 776 40000000000.0 2us 0
199 776 40000000000.0 2us 0
200 776 40000000000.0 2us 0
201 776 40000000000.0 2us 0
202 776 40000000000.0 2us 0
203 776 40000000000.0 2us 0
204 776 40000000000.0 2us 0
205 776 40000000000.0 2us 0
206 776 40000000000.0 2us 0
207 776 40000000000.0 2us 0
208 776 40000000000.0 2us 0
209 776 40000000000.0 2us 0
210 776 40000000000.0 2us 0
211 776 40000000000.0 2us 0
212 776 40000000000.0 2us 0
213 776 40000000000.0 2us 0
214 776 40000000000.0 2us 0
215 776 40000000000.0 2us 0
216 777 40000000000.0 2us 0
217 777 40000000000.0 2us 0
218 777 40000000000.0 2us 0
219 777 40000000000.0 2us 0
220 777 40000000000.0 2us 0
221 777 40000000000.0 2us 0
222 777 40000000000.0 2us 0
223 777 40000000000.0 2us 0
224 777 40000000000.0 2us 0
225 777 40000000000.0 2us 0
226 777 40000000000.0 2us 0
227 777 40000000000.0 2us 0
228 777 40000000000.0 2us 0
229 777 40000000000.0 2us 0
230 777 40000000000.0 2us 0
231 777 40000000000.0 2us 0
232 777 40000000000.0 2us 0
233 777 40000000000.0 2us 0
234 777 40000000000.0 2us 0
235 777 40000000000.0 2us 0
236 777 40000000000.0 2us 0
237 777 40000000000.0 2us 0
238 777 40000000000.0 2us 0
239 777 40000000000.0 2us 0
240 778 40000000000.0 2us 0
241 778 40000000000.0 2us 0
242 778 40000000000.0 2us 0
243 778 40000000000.0 2us 0
244 778 40000000000.0 2us 0
245 778 40000000000.0 2us 0
246 778 40000000000.0 2us 0
247 778 40000000000.0 2us 0
248 778 40000000000.0 2us 0
249 778 40000000000.0 2us 0
250 778 40000000000.0 2us 0
251 778 40000000000.0 2us 0
252 778 40000000000.0 2us 0
253 778 40000000000.0 2us 0
254 778 40000000000.0 2us 0
255 778 40000000000.0 2us 0
256 778 40000000000.0 2us 0
257 778 40000000000.0 2us 0
258 778 40000000000.0 2us 0
259 778 40000000000.0 2us 0
260 778 40000000000.0 2us 0
261 778 40000000000.0 2us 0
262 778 40000000000.0 2us 0
263 778 40000000000.0 2us 0
264 779 40000000000.0 2us 0
265 779 40000000000.0 2us 0
266 779 40000000000.0 2us 0
267 779 40000000000.0 2us 0
268 779 40000000000.0 2us 0
269 779 40000000000.0 2us 0
270 779 40000000000.0 2us 0
271 779 40000000000.0 2us 0
272 779 40000000000.0 2us 0
273 779 40000000000.0 2us 0
274 779 40000000000.0 2us 0
275 779 40000000000.0 2us 0
276 779 40000000000.0 2us 0
277 779 40000000000.0 2us 0
278 779 40000000000.0 2us 0
279 779 40000000000.0 2us 0
280 779 40000000000.0 2us 0
281 779 40000000000.0 2us 0
282 779 40000000000.0 2us 0
283 779 40000000000.0 2us 0
284 779 40000000000.0 2us 0
285 779 40000000000.0 2us 0
286 779 40000000000.0 2us 0
287 779 40000000000.0 2us 0
288 780 40000000000.0 2us 0
289 780 40000000000.0 2us 0
290 780 40000000000.0 2us 0
291 780 40000000000.0 2us 0
292 780 40000000000.0 2us 0
293 780 40000000000.0 2us 0
294 780 40000000000.0 2us 0
295 780 40000000000.0 2us 0
296 780 40000000000.0 2us 0
297 780 40000000000.0 2us 0
298 780 40000000000.0 2us 0
299 780 40000000000.0 2us 0
300 780 40000000000.0 2us 0
301 780 40000000000.0 2us 0
302 780 40000000000.0 2us 0
303 780 40000000000.0 2us 0
304 780 40000000000.0 2us 0
305 780 40000000000.0 2us 0
306 780 40000000000.0 2us 0
307 780 40000000000.0 2us 0
308 780 40000000000.0 2us 0
309 780 40000000000.0 2us 0
310 780 40000000000.0 2us 0
311 780 40000000000.0 2us 0
312 781 40000000000.0 2us 0
313 781 40000000000.0 2us 0
314 781 40000000000.0 2us 0
315 781 40000000000.0 2us 0
316 781 40000000000.0 2us 0
317 781 40000000000.0 2us 0
318 781 40000000000.0 2us 0
319 781 40000000000.0 2us 0
320 781 40000000000.0 2us 0
321 781 40000000000.0 2us 0
322 781 40000000000.0 2us 0
323 781 40000000000.0 2us 0
324 781 40000000000.0 2us 0
325 781 40000000000.0 2us 0
326 781 40000000000.0 2us 0
327 781 40000000000.0 2us 0
328 781 40000000000.0 2us 0
329 781 40000000000.0 2us 0
330 781 40000000000.0 2us 0
331 781 40000000000.0 2us 0
332 781 40000000000.0 2us 0
333 781 40000000000.0 2us 0
334 781 40000000000.0 2us 0
335 781 40000000000.0 2us 0
336 782 40000000000.0 2us 0
337 782 40000000000.0 2us 0
338 782 40000000000.0 2us 0
339 782 40000000000.0 2us 0
340 782 40000000000.0 2us 0
341 782 40000000000.0 2us 0
342 782 40000000000.0 2us 0
343 782 40000000000.0 2us 0
344 782 40000000000.0 2us 0
345 782 40000000000.0 2us 0
346 782 40000000000.0 2us 0
347 782 40000000000.0 2us 0
348 782 40000000000.0 2us 0
349 782 40000000000.0 2us 0
350 782 40000000000.0 2us 0
351 782 40000000000.0 2us 0
352 782 40000000000.0 2us 0
353 782 40000000000.0 2us 0
354 782 40000000000.0 2us 0
355 782 40000000000.0 2us 0
356 782 40000000000.0 2us 0
357 782 40000000000.0 2us 0
358 782 40000000000.0 2us 0
359 782 40000000000.0 2us 0
360 783 40000000000.0 2us 0
361 783 40000000000.0 2us 0
362 783 40000000000.0 2us 0
363 783 40000000000.0 2us 0
364 783 40000000000.0 2us 0
365 783 40000000000.0 2us 0
366 783 40000000000.0 2us 0
367 783 40000000000.0 2us 0
368 783 40000000000.0 2us 0
369 783 40000000000.0 2us 0
370 783 40000000000.0 2us 0
371 783 40000000000.0 2us 0
372 783 40000000000.0 2us 0
373 783 40000000000.0 2us 0
374 783 40000000000.0 2us 0
375 783 40000000000.0 2us 0
376 783 40000000000.0 2us 0
377 783 40000000000.0 2us 0
378 783 40000000000.0 2us 0
379 783 40000000000.0 2us 0
380 783 40000000000.0 2us 0
381 783 40000000000.0 2us 0
382 783 40000000000.0 2us 0
383 783 40000000000.0 2us 0
384 784 40000000000.0 2us 0
385 784 40000000000.0 2us 0
386 784 40000000000.0 2us 0
387 784 40000000000.0 2us 0
388 784 40000000000.0 2us 0
389 784 40000000000.0 2us 0
390 784 40000000000.0 2us 0
391 784 40000000000.0 2us 0
392 784 40000000000.0 2us 0
393 784 40000000000.0 2us 0
394 784 40000000000.0 2us 0
395 784 40000000000.0 2us 0
396 784 40000000000.0 2us 0
397 784 40000000000.0 2us 0
398 784 40000000000.0 2us 0
399 784 40000000000.0 2us 0
400 784 40000000000.0 2us 0
401 784 40000000000.0 2us 0
402 784 40000000000.0 2us 0
403 784 40000000000.0 2us 0
404 784 40000000000.0 2us 0
405 784 40000000000.0 2us 0
406 784 40000000000.0 2us 0
407 784 40000000000.0 2us 0
408 785 40000000000.0 2us 0
409 785 40000000000.0 2us 0
410 785 40000000000.0 2us 0
411 785 40000000000.0 2us 0
412 785 40000000000.0 2us 0
413 785 40000000000.0 2us 0
414 785 40000000000.0 2us 0
415 785 40000000000.0 2us 0
416 785 40000000000.0 2us 0
417 785 40000000000.0 2us 0
418 785 40000000000.0 2us 0
419 785 40000000000.0 2us 0
420 785 40000000000.0 2us 0
421 785 40000000000.0 2us 0
422 785 40000000000.0 2us 0
423 785 40000000000.0 2us 0
424 785 40000000000.0 2us 0
425 785 40000000000.0 2us 0
426 785 40000000000.0 2us 0
427 785 40000000000.0 2us 0
428 785 40000000000.0 2us 0
429 785 40000000000.0 2us 0
430 785 40000000000.0 2us 0
431 785 40000000000.0 2us 0
432 786 40000000000.0 2us 0
433 786 40000000000.0 2us 0
434 786 40000000000.0 2us 0
435 786 40000000000.0 2us 0
436 786 40000000000.0 2us 0
437 786 40000000000.0 2us 0
438 786 40000000000.0 2us 0
439 786 40000000000.0 2us 0
440 786 40000000000.0 2us 0
441 786 40000000000.0 2us 0
442 786 40000000000.0 2us 0
443 786 40000000000.0 2us 0
444 786 40000000000.0 2us 0
445 786 40000000000.0 2us 0
446 786 40000000000.0 2us 0
447 786 40000000000.0 2us 0
448 786 40000000000.0 2us 0
449 786 40000000000.0 2us 0
450 786 40000000000.0 2us 0
451 786 40000000000.0 2us 0
452 786 40000000000.0 2us 0
453 786 40000000000.0 2us 0
454 786 40000000000.0 2us 0
455 786 40000000000.0 2us 0
456 787 40000000000.0 2us 0
457 787 40000000000.0 2us 0
458 787 40000000000.0 2us 0
459 787 40000000000.0 2us 0
460 787 40000000000.0 2us 0
461 787 40000000000.0 2us 0
462 787 40000000000.0 2us 0
463 787 40000000000.0 2us 0
464 787 40000000000.0 2us 0
465 787 40000000000.0 2us 0
466 787 40000000000.0 2us 0
467 787 40000000000.0 2us 0
468 787 40000000000.0 2us 0
469 787 40000000000.0 2us 0
470 787 40000000000.0 2us 0
471 787 40000000000.0 2us 0
472 787 40000000000.0 2us 0
473 787 40000000000.0 2us 0
474 787 40000000000.0 2us 0
475 787 40000000000.0 2us 0
476 787 40000000000.0 2us 0
477 787 40000000000.0 2us 0
478 787 40000000000.0 2us 0
479 787 40000000000.0 2us 0
480 788 40000000000.0 2us 0
481 788 40000000000.0 2us 0
482 788 40000000000.0 2us 0
483 788 40000000000.0 2us 0
484 788 40000000000.0 2us 0
485 788 40000000000.0 2us 0
486 788 40000000000.0 2us 0
487 788 40000000000.0 2us 0
488 788 40000000000.0 2us 0
489 788 40000000000.0 2us 0
490 788 40000000000.0 2us 0
491 788 40000000000.0 2us 0
492 788 40000000000.0 2us 0
493 788 40000000000.0 2us 0
494 788 40000000000.0 2us 0
495 788 40000000000.0 2us 0
496 788 40000000000.0 2us 0
497 788 40000000000.0 2us 0
498 788 40000000000.0 2us 0
499 788 40000000000.0 2us 0
500 788 40000000000.0 2us 0
501 788 40000000000.0 2us 0
502 788 40000000000.0 2us 0
503 788 40000000000.0 2us 0
504 789 40000000000.0 2us 0
505 789 40000000000.0 2us 0
506 789 40000000000.0 2us 0
507 789 40000000000.0 2us 0
508 789 40000000000.0 2us 0
509 789 40000000000.0 2us 0
510 789 40000000000.0 2us 0
511 789 40000000000.0 2us 0
512 789 40000000000.0 2us 0
513 789 40000000000.0 2us 0
514 789 40000000000.0 2us 0
515 789 40000000000.0 2us 0
516 789 40000000000.0 2us 0
517 789 40000000000.0 2us 0
518 789 40000000000.0 2us 0
519 789 40000000000.0 2us 0
520 789 40000000000.0 2us 0
521 789 40000000000.0 2us 0
522 789 40000000000.0 2us 0
523 789 40000000000.0 2us 0
524 789 40000000000.0 2us 0
525 789 40000000000.0 2us 0
526 789 40000000000.0 2us 0
527 789 40000000000.0 2us 0
528 790 40000000000.0 2us 0
529 790 40000000000.0 2us 0
530 790 40000000000.0 2us 0
531 790 40000000000.0 2us 0
532 790 40000000000.0 2us 0
533 790 40000000000.0 2us 0
534 790 40000000000.0 2us 0
535 790 40000000000.0 2us 0
536 790 40000000000.0 2us 0
537 790 40000000000.0 2us 0
538 790 40000000000.0 2us 0
539 790 40000000000.0 2us 0
540 790 40000000000.0 2us 0
541 790 40000000000.0 2us 0
542 790 40000000000.0 2us 0
543 790 40000000000.0 2us 0
544 790 40000000000.0 2us 0
545 790 40000000000.0 2us 0
546 790 40000000000.0 2us 0
547 790 40000000000.0 2us 0
548 790 40000000000.0 2us 0
549 790 40000000000.0 2us 0
550 790 40000000000.0 2us 0
551 790 40000000000.0 2us 0
552 791 40000000000.0 2us 0
553 791 40000000000.0 2us 0
554 791 40000000000.0 2us 0
555 791 40000000000.0 2us 0
556 791 40000000000.0 2us 0
557 791 40000000000.0 2us 0
558 791 40000000000.0 2us 0
559 791 40000000000.0 2us 0
560 791 40000000000.0 2us 0
561 791 40000000000.0 2us 0
562 791 40000000000.0 2us 0
563 791 40000000000.0 2us 0
564 791 40000000000.0 2us 0
565 791 40000000000.0 2us 0
566 791 40000000000.0 2us 0
567 791 40000000000.0 2us 0
568 791 40000000000.0 2us 0
569 791 40000000000.0 2us 0
570 791 40000000000.0 2us 0
571 791 40000000000.0 2us 0
572 791 40000000000.0 2us 0
573 791 40000000000.0 2us 0
574 791 40000000000.0 2us 0
575 791 40000000000.0 2us 0
576 792 40000000000.0 2us 0
577 792 40000000000.0 2us 0
578 792 40000000000.0 2us 0
579 792 40000000000.0 2us 0
580 792 40000000000.0 2us 0
581 792 40000000000.0 2us 0
582 792 40000000000.0 2us 0
583 792 40000000000.0 2us 0
584 792 40000000000.0 2us 0
585 792 40000000000.0 2us 0
586 792 40000000000.0 2us 0
587 792 40000000000.0 2us 0
588 792 40000000000.0 2us 0
589 792 40000000000.0 2us 0
590 792 40000000000.0 2us 0
591 792 40000000000.0 2us 0
592 792 40000000000.0 2us 0
593 792 40000000000.0 2us 0
594 792 40000000000.0 2us 0
595 792 40000000000.0 2us 0
596 792 40000000000.0 2us 0
597 792 40000000000.0 2us 0
598 792 40000000000.0 2us 0
599 792 40000000000.0 2us 0
600 793 40000000000.0 2us 0
601 793 40000000000.0 2us 0
602 793 40000000000.0 2us 0
603 793 40000000000.0 2us 0
604 793 40000000000.0 2us 0
605 793 40000000000.0 2us 0
606 793 40000000000.0 2us 0
607 793 40000000000.0 2us 0
608 793 40000000000.0 2us 0
609 793 40000000000.0 2us 0
610 793 40000000000.0 2us 0
611 793 40000000000.0 2us 0
612 793 40000000000.0 2us 0
613 793 40000000000.0 2us 0
614 793 40000000000.0 2us 0
615 793 40000000000.0 2us 0
616 793 40000000000.0 2us 0
617 793 40000000000.0 2us 0
618 793 40000000000.0 2us 0
619 793 40000000000.0 2us 0
620 793 40000000000.0 2us 0
621 793 40000000000.0 2us 0
622 793 40000000000.0 2us 0
623 793 40000000000.0 2us 0
624 794 40000000000.0 2us 0
625 794 40000000000.0 2us 0
626 794 40000000000.0 2us 0
627 794 40000000000.0 2us 0
628 794 40000000000.0 2us 0
629 794 40000000000.0 2us 0
630 794 40000000000.0 2us 0
631 794 40000000000.0 2us 0
632 794 40000000000.0 2us 0
633 794 40000000000.0 2us 0
634 794 40000000000.0 2us 0
635 794 40000000000.0 2us 0
636 794 40000000000.0 2us 0
637 794 40000000000.0 2us 0
638 794 40000000000.0 2us 0
639 794 40000000000.0 2us 0
640 794 40000000000.0 2us 0
641 794 40000000000.0 2us 0
642 794 40000000000.0 2us 0
643 794 40000000000.0 2us 0
644 794 40000000000.0 2us 0
645 794 40000000000.0 2us 0
646 794 40000000000.0 2us 0
647 794 40000000000.0 2us 0
648 795 40000000000.0 2us 0
649 795 40000000000.0 2us 0
650 795 40000000000.0 2us 0
651 795 40000000000.0 2us 0
652 795 40000000000.0 2us 0
653 795 40000000000.0 2us 0
654 795 40000000000.0 2us 0
655 795 40000000000.0 2us 0
656 795 40000000000.0 2us 0
657 795 40000000000.0 2us 0
658 795 40000000000.0 2us 0
659 795 40000000000.0 2us 0
660 795 40000000000.0 2us 0
661 795 40000000000.0 2us 0
662 795 40000000000.0 2us 0
663 795 40000000000.0 2us 0
664 795 40000000000.0 2us 0
665 795 40000000000.0 2us 0
666 795 40000000000.0 2us 0
667 795 40000000000.0 2us 0
668 795 40000000000.0 2us 0
669 795 40000000000.0 2us 0
670 795 40000000000.0 2us 0
671 795 40000000000.0 2us 0
672 796 40000000000.0 2us 0
673 796 40000000000.0 2us 0
674 796 40000000000.0 2us 0
675 796 40000000000.0 2us 0
676 796 40000000000.0 2us 0
677 796 40000000000.0 2us 0
678 796 40000000000.0 2us 0
679 796 40000000000.0 2us 0
680 796 40000000000.0 2us 0
681 796 40000000000.0 2us 0
682 796 40000000000.0 2us 0
683 796 40000000000.0 2us 0
684 796 40000000000.0 2us 0
685 796 40000000000.0 2us 0
686 796 40000000000.0 2us 0
687 796 40000000000.0 2us 0
688 796 40000000000.0 2us 0
689 796 40000000000.0 2us 0
690 796 40000000000.0 2us 0
691 796 40000000000.0 2us 0
692 796 40000000000.0 2us 0
693 796 40000000000.0 2us 0
694 796 40000000000.0 2us 0
695 796 40000000000.0 2us 0
696 797 40000000000.0 2us 0
697 797 40000000000.0 2us 0
698 797 40000000000.0 2us 0
699 797 40000000000.0 2us 0
700 797 40000000000.0 2us 0
701 797 40000000000.0 2us 0
702 797 40000000000.0 2us 0
703 797 40000000000.0 2us 0
704 797 40000000000.0 2us 0
705 797 40000000000.0 2us 0
706 797 40000000000.0 2us 0
707 797 40000000000.0 2us 0
708 797 40000000000.0 2us 0
709 797 40000000000.0 2us 0
710 797 40000000000.0 2us 0
711 797 40000000000.0 2us 0
712 797 40000000000.0 2us 0
713 797 40000000000.0 2us 0
714 797 40000000000.0 2us 0
715 797 40000000000.0 2us 0
716 797 40000000000.0 2us 0
717 797 40000000000.0 2us 0
718 797 40000000000.0 2us 0
719 797 40000000000.0 2us 0
720 798 40000000000.0 2us 0
721 798 40000000000.0 2us 0
722 798 40000000000.0 2us 0
723 798 40000000000.0 2us 0
724 798 40000000000.0 2us 0
725 798 40000000000.0 2us 0
726 798 40000000000.0 2us 0
727 798 40000000000.0 2us 0
728 798 40000000000.0 2us 0
729 798 40000000000.0 2us 0
730 798 40000000000.0 2us 0
731 798 40000000000.0 2us 0
732 798 40000000000.0 2us 0
733 798 40000000000.0 2us 0
734 798 40000000000.0 2us 0
735 798 40000000000.0 2us 0
736 798 40000000000.0 2us 0
737 798 40000000000.0 2us 0
738 798 40000000000.0 2us 0
739 798 40000000000.0 2us 0
740 798 40000000000.0 2us 0
741 798 40000000000.0 2us 0
742 798 40000000000.0 2us 0
743 798 40000000000.0 2us 0
744 799 40000000000.0 2us 0
745 799 40000000000.0 2us 0
746 799 40000000000.0 2us 0
747 799 40000000000.0 2us 0
748 799 40000000000.0 2us 0
749 799 40000000000.0 2us 0
750 799 40000000000.0 2us 0
751 799 40000000000.0 2us 0
752 799 40000000000.0 2us 0
753 799 40000000000.0 2us 0
754 799 40000000000.0 2us 0
755 799 40000000000.0 2us 0
756 799 40000000000.0 2us 0
757 799 40000000000.0 2us 0
758 799 40000000000.0 2us 0
759 799 40000000000.0 2us 0
760 799 40000000000.0 2us 0
761 799 40000000000.0 2us 0
762 799 40000000000.0 2us 0
763 799 40000000000.0 2us 0
764 799 40000000000.0 2us 0
765 799 40000000000.0 2us 0
766 799 40000000000.0 2us 0
767 799 40000000000.0 2us 0
768 800 40000000000.0 2us 0
768 801 40000000000.0 2us 0
768 802 40000000000.0 2us 0
768 803 40000000000.0 2us 0
768 804 40000000000.0 2us 0
768 805 40000000000.0 2us 0
768 806 40000000000.0 2us 0
768 807 40000000000.0 2us 0
769 800 40000000000.0 2us 0
769 801 40000000000.0 2us 0
769 802 40000000000.0 2us 0
769 803 40000000000.0 2us 0
769 804 40000000000.0 2us 0
769 805 40000000000.0 2us 0
769 806 40000000000.0 2us 0
769 807 40000000000.0 2us 0
770 800 40000000000.0 2us 0
770 801 40000000000.0 2us 0
770 802 40000000000.0 2us 0
770 803 40000000000.0 2us 0
770 804 40000000000.0 2us 0
770 805 40000000000.0 2us 0
770 806 40000000000.0 2us 0
770 807 40000000000.0 2us 0
771 800 40000000000.0 2us 0
771 801 40000000000.0 2us 0
771 802 40000000000.0 2us 0
771 803 40000000000.0 2us 0
771 804 40000000000.0 2us 0
771 805 40000000000.0 2us 0
771 806 40000000000.0 2us 0
771 807 40000000000.0 2us 0
772 800 40000000000.0 2us 0
772 801 40000000000.0 2us 0
772 802 40000000000.0 2us 0
772 803 40000000000.0 2us 0
772 804 40000000000.0 2us 0
772 805 40000000000.0 2us 0
772 806 40000000000.0 2us 0
772 807 40000000000.0 2us 0
773 800 40000000000.0 2us 0
773 801 40000000000.0 2us 0
773 802 40000000000.0 2us 0
773 803 40000000000.0 2us 0
773 804 40000000000.0 2us 0
773 805 40000000000.0 2us 0
773 806 40000000000.0 2us 0
773 807 40000000000.0 2us 0
774 800 40000000000.0 2us 0
774 801 40000000000.0 2us 0
774 802 40000000000.0 2us 0
774 803 40000000000.0 2us 0
774 804 40000000000.0 2us 0
774 805 40000000000.0 2us 0
774 806 40000000000.0 2us 0
774 807 40000000000.0 2us 0
775 800 40000000000.0 2us 0
775 801 40000000000.0 2us 0
775 802 40000000000.0 2us 0
775 803 40000000000.0 2us 0
775 804 40000000000.0 2us 0
775 805 40000000000.0 2us 0
775 806 40000000000.0 2us 0
775 807 40000000000.0 2us 0
776 800 40000000000.0 2us 0
776 801 40000000000.0 2us 0
776 802 40000000000.0 2us 0
776 803 40000000000.0 2us 0
776 804 40000000000.0 2us 0
776 805 40000000000.0 2us 0
776 806 40000000000.0 2us 0
776 807 40000000000.0 2us 0
777 800 40000000000.0 2us 0
777 801 40000000000.0 2us 0
777 802 40000000000.0 2us 0
777 803 40000000000.0 2us 0
777 804 40000000000.0 2us 0
777 805 40000000000.0 2us 0
777 806 40000000000.0 2us 0
777 807 40000000000.0 2us 0
778 800 40000000000.0 2us 0
778 801 40000000000.0 2us 0
778 802 40000000000.0 2us 0
778 803 40000000000.0 2us 0
778 804 40000000000.0 2us 0
778 805 40000000000.0 2us 0
778 806 40000000000.0 2us 0
778 807 40000000000.0 2us 0
779 800 40000000000.0 2us 0
779 801 40000000000.0 2us 0
779 802 40000000000.0 2us 0
779 803 40000000000.0 2us 0
779 804 40000000000.0 2us 0
779 805 40000000000.0 2us 0
779 806 40000000000.0 2us 0
779 807 40000000000.0 2us 0
780 800 40000000000.0 2us 0
780 801 40000000000.0 2us 0
780 802 40000000000.0 2us 0
780 803 40000000000.0 2us 0
780 804 40000000000.0 2us 0
780 805 40000000000.0 2us 0
780 806 40000000000.0 2us 0
780 807 40000000000.0 2us 0
781 800 40000000000.0 2us 0
781 801 40000000000.0 2us 0
781 802 40000000000.0 2us 0
781 803 40000000000.0 2us 0
781 804 40000000000.0 2us 0
781 805 40000000000.0 2us 0
781 806 40000000000.0 2us 0
781 807 40000000000.0 2us 0
782 800 40000000000.0 2us 0
782 801 40000000000.0 2us 0
782 802 40000000000.0 2us 0
782 803 40000000000.0 2us 0
782 804 40000000000.0 2us 0
782 805 40000000000.0 2us 0
782 806 40000000000.0 2us 0
782 807 40000000000.0 2us 0
783 800 40000000000.0 2us 0
783 801 40000000000.0 2us 0
783 802 40000000000.0 2us 0
783 803 40000000000.0 2us 0
783 804 40000000000.0 2us 0
783 805 40000000000.0 2us 0
783 806 40000000000.0 2us 0
783 807 40000000000.0 2us 0
784 800 40000000000.0 2us 0
784 801 40000000000.0 2us 0
784 802 40000000000.0 2us 0
784 803 40000000000.0 2us 0
784 804 40000000000.0 2us 0
784 805 40000000000.0 2us 0
784 806 40000000000.0 2us 0
784 807 40000000000.0 2us 0
785 800 40000000000.0 2us 0
785 801 40000000000.0 2us 0
785 802 40000000000.0 2us 0
785 803 40000000000.0 2us 0
785 804 40000000000.0 2us 0
785 805 40000000000.0 2us 0
785 806 40000000000.0 2us 0
785 807 40000000000.0 2us 0
786 800 40000000000.0 2us 0
786 801 40000000000.0 2us 0
786 802 40000000000.0 2us 0
786 803 40000000000.0 2us 0
786 804 40000000000.0 2us 0
786 805 40000000000.0 2us 0
786 806 40000000000.0 2us 0
786 807 40000000000.0 2us 0
787 800 40000000000.0 2us 0
787 801 40000000000.0 2us 0
787 802 40000000000.0 2us 0
787 803 40000000000.0 2us 0
787 804 40000000000.0 2us 0
787 805 40000000000.0 2us 0
787 806 40000000000.0 2us 0
787 807 40000000000.0 2us 0
788 800 40000000000.0 2us 0
788 801 40000000000.0 2us 0
788 802 40000000000.0 2us 0
788 803 40000000000.0 2us 0
788 804 40000000000.0 2us 0
788 805 40000000000.0 2us 0
788 806 40000000000.0 2us 0
788 807 40000000000.0 2us 0
789 800 40000000000.0 2us 0
789 801 40000000000.0 2us 0
789 802 40000000000.0 2us 0
789 803 40000000000.0 2us 0
789 804 40000000000.0 2us 0
789 805 40000000000.0 2us 0
789 806 40000000000.0 2us 0
789 807 40000000000.0 2us 0
790 800 40000000000.0 2us 0
790 801 40000000000.0 2us 0
790 802 40000000000.0 2us 0
790 803 40000000000.0 2us 0
790 804 40000000000.0 2us 0
790 805 40000000000.0 2us 0
790 806 40000000000.0 2us 0
790 807 40000000000.0 2us 0
791 800 40000000000.0 2us 0
791 801 40000000000.0 2us 0
791 802 40000000000.0 2us 0
791 803 40000000000.0 2us 0
791 804 40000000000.0 2us 0
791 805 40000000000.0 2us 0
791 806 40000000000.0 2us 0
791 807 40000000000.0 2us 0
792 800 40000000000.0 2us 0
792 801 40000000000.0 2us 0
792 802 40000000000.0 2us 0
792 803 40000000000.0 2us 0
792 804 40000000000.0 2us 0
792 805 40000000000.0 2us 0
792 806 40000000000.0 2us 0
792 807 40000000000.0 2us 0
793 800 40000000000.0 2us 0
793 801 40000000000.0 2us 0
793 802 40000000000.0 2us 0
793 803 40000000000.0 2us 0
793 804 40000000000.0 2us 0
793 805 40000000000.0 2us 0
793 806 40000000000.0 2us 0
793 807 40000000000.0 2us 0
794 800 40000000000.0 2us 0
794 801 40000000000.0 2us 0
794 802 40000000000.0 2us 0
794 803 40000000000.0 2us 0
794 804 40000000000.0 2us 0
794 805 40000000000.0 2us 0
794 806 40000000000.0 2us 0
794 807 40000000000.0 2us 0
795 800 40000000000.0 2us 0
795 801 40000000000.0 2us 0
795 802 40000000000.0 2us 0
795 803 40000000000.0 2us 0
795 804 40000000000.0 2us 0
795 805 40000000000.0 2us 0
795 806 40000000000.0 2us 0
795 807 40000000000.0 2us 0
796 800 40000000000.0 2us 0
796 801 40000000000.0 2us 0
796 802 40000000000.0 2us 0
796 803 40000000000.0 2us 0
796 804 40000000000.0 2us 0
796 805 40000000000.0 2us 0
796 806 40000000000.0 2us 0
796 807 40000000000.0 2us 0
797 800 40000000000.0 2us 0
797 801 40000000000.0 2us 0
797 802 40000000000.0 2us 0
797 803 40000000000.0 2us 0
797 804 40000000000.0 2us 0
797 805 40000000000.0 2us 0
797 806 40000000000.0 2us 0
797 807 40000000000.0 2us 0
798 800 40000000000.0 2us 0
798 801 40000000000.0 2us 0
798 802 40000000000.0 2us 0
798 803 40000000000.0 2us 0
798 804 40000000000.0 2us 0
798 805 40000000000.0 2us 0
798 806 40000000000.0 2us 0
798 807 40000000000.0 2us 0
799 800 40000000000.0 2us 0
799 801 40000000000.0 2us 0
799 802 40000000000.0 2us 0
799 803 40000000000.0 2us 0
799 804 40000000000.0 2us 0
799 805 40000000000.0 2us 0
799 806 40000000000.0 2us 0
799 807 40000000000.0 2us 0
