5
0 30 3 10000 1000000000000 0.001
1 31 3 10001 1000000000000 0.1
2 32 3 10002 1000000000000 0.2
3 33 3 10003 1000000000000 0.3
4 34 3 10004 1000000000000 0.4
5 35 3 10005 1000000000000 0.15
6 36 3 10006 1000000000000 0.15
7 37 3 10007 1000000000000 0.15
8 38 3 10008 1000000000000 0.15
9 39 3 10009 1000000000000 0.15
10 40 3 10010 1000000000000 0.1
11 41 3 10011 1000000000000 0.1
12 42 3 10012 1000000000000 0.1
13 43 3 10013 1000000000000 0.1
14 44 3 10014 1000000000000 0.1
15 45 3 10015 1000000000000 0.1
16 46 3 10016 1000000000000 0.1
17 47 3 10017 1000000000000 0.1
18 48 3 10018 1000000000000 0.1
19 49 3 10019 1000000000000 0.1
20 50 3 10020 1000000000000 0.1
21 51 3 10021 1000000000000 0.1
22 52 3 10022 1000000000000 0.1
23 53 3 10023 1000000000000 0.1
24 54 3 10024 1000000000000 0.1
25 55 3 10025 1000000000000 0.1
26 56 3 10026 1000000000000 0.1
27 57 3 10027 1000000000000 0.1
28 58 3 10028 1000000000000 0.1
29 59 3 10029 1000000000000 0.1
10 40 3 10110 1000000000000 0.15
11 41 3 10111 1000000000000 0.15
12 42 3 10112 1000000000000 0.15
13 43 3 10113 1000000000000 0.15
14 44 3 10114 1000000000000 0.15
15 45 3 10115 1000000000000 0.15
16 46 3 10116 1000000000000 0.15
17 47 3 10117 1000000000000 0.15
18 48 3 10118 1000000000000 0.15
19 49 3 10119 1000000000000 0.15
20 50 3 10120 1000000000000 0.15
21 51 3 10121 1000000000000 0.15
22 52 3 10122 1000000000000 0.15
23 53 3 10123 1000000000000 0.15
24 54 3 10124 1000000000000 0.15
25 55 3 10125 1000000000000 0.15
26 56 3 10126 1000000000000 0.15
27 57 3 10127 1000000000000 0.15
28 58 3 10128 1000000000000 0.15
29 59 3 10129 1000000000000 0.15
10 40 3 10210 1000000000000 0.15
11 41 3 10211 1000000000000 0.15
12 42 3 10212 1000000000000 0.15
13 43 3 10213 1000000000000 0.15
14 44 3 10214 1000000000000 0.15
15 45 3 10215 1000000000000 0.15
16 46 3 10216 1000000000000 0.15
17 47 3 10217 1000000000000 0.15
18 48 3 10218 1000000000000 0.15
19 49 3 10219 1000000000000 0.15
20 50 3 10220 1000000000000 0.15
21 51 3 10221 1000000000000 0.15
22 52 3 10222 1000000000000 0.15
23 53 3 10223 1000000000000 0.15
24 54 3 10224 1000000000000 0.15
25 55 3 10225 1000000000000 0.15
26 56 3 10226 1000000000000 0.15
27 57 3 10227 1000000000000 0.15
28 58 3 10228 1000000000000 0.15
29 59 3 10229 1000000000000 0.15
10 40 3 10310 1000000000000 0.15
11 41 3 10311 1000000000000 0.15
12 42 3 10312 1000000000000 0.15
13 43 3 10313 1000000000000 0.15
14 44 3 10314 1000000000000 0.15
15 45 3 10315 1000000000000 0.15
16 46 3 10316 1000000000000 0.15
17 47 3 10317 1000000000000 0.15
18 48 3 10318 1000000000000 0.15
19 49 3 10319 1000000000000 0.15
20 50 3 10320 1000000000000 0.15
21 51 3 10321 1000000000000 0.15
22 52 3 10322 1000000000000 0.15
23 53 3 10323 1000000000000 0.15
24 54 3 10324 1000000000000 0.15
25 55 3 10325 1000000000000 0.15
26 56 3 10326 1000000000000 0.15
27 57 3 10327 1000000000000 0.15
28 58 3 10328 1000000000000 0.15
29 59 3 10329 1000000000000 0.15
10 40 3 10410 1000000000000 0.15
11 41 3 10411 1000000000000 0.15
12 42 3 10412 1000000000000 0.15
13 43 3 10413 1000000000000 0.15
14 44 3 10414 1000000000000 0.15
15 45 3 10415 1000000000000 0.15
16 46 3 10416 1000000000000 0.15
17 47 3 10417 1000000000000 0.15
18 48 3 10418 1000000000000 0.15
19 49 3 10419 1000000000000 0.15
20 50 3 10420 1000000000000 0.15
21 51 3 10421 1000000000000 0.15
22 52 3 10422 1000000000000 0.15
23 53 3 10423 1000000000000 0.15
24 54 3 10424 1000000000000 0.15
25 55 3 10425 1000000000000 0.15
26 56 3 10426 1000000000000 0.15
27 57 3 10427 1000000000000 0.15
28 58 3 10428 1000000000000 0.15
29 59 3 10429 1000000000000 0.15
10 40 3 10510 1000000000000 0.15
11 41 3 10511 1000000000000 0.15
12 42 3 10512 1000000000000 0.15
13 43 3 10513 1000000000000 0.15
14 44 3 10514 1000000000000 0.15
15 45 3 10515 1000000000000 0.15
16 46 3 10516 1000000000000 0.15
17 47 3 10517 1000000000000 0.15
18 48 3 10518 1000000000000 0.15
19 49 3 10519 1000000000000 0.15
20 50 3 10520 1000000000000 0.15
21 51 3 10521 1000000000000 0.15
22 52 3 10522 1000000000000 0.15
23 53 3 10523 1000000000000 0.15
24 54 3 10524 1000000000000 0.15
25 55 3 10525 1000000000000 0.15
26 56 3 10526 1000000000000 0.15
27 57 3 10527 1000000000000 0.15
28 58 3 10528 1000000000000 0.15
29 59 3 10529 1000000000000 0.15
10 40 3 10610 1000000000000 0.15
11 41 3 10611 1000000000000 0.15
12 42 3 10612 1000000000000 0.15
13 43 3 10613 1000000000000 0.15
14 44 3 10614 1000000000000 0.15
15 45 3 10615 1000000000000 0.15
16 46 3 10616 1000000000000 0.15
17 47 3 10617 1000000000000 0.15
18 48 3 10618 1000000000000 0.15
19 49 3 10619 1000000000000 0.15
20 50 3 10620 1000000000000 0.15
21 51 3 10621 1000000000000 0.15
22 52 3 10622 1000000000000 0.15
23 53 3 10623 1000000000000 0.15
24 54 3 10624 1000000000000 0.15
25 55 3 10625 1000000000000 0.15
26 56 3 10626 1000000000000 0.15
27 57 3 10627 1000000000000 0.15
28 58 3 10628 1000000000000 0.15
29 59 3 10629 1000000000000 0.15
10 40 3 10710 1000000000000 0.15
11 41 3 10711 1000000000000 0.15
12 42 3 10712 1000000000000 0.15
13 43 3 10713 1000000000000 0.15
14 44 3 10714 1000000000000 0.15
15 45 3 10715 1000000000000 0.15
16 46 3 10716 1000000000000 0.15
17 47 3 10717 1000000000000 0.15
18 48 3 10718 1000000000000 0.15
19 49 3 10719 1000000000000 0.15
20 50 3 10720 1000000000000 0.15
21 51 3 10721 1000000000000 0.15
22 52 3 10722 1000000000000 0.15
23 53 3 10723 1000000000000 0.15
24 54 3 10724 1000000000000 0.15
25 55 3 10725 1000000000000 0.15
26 56 3 10726 1000000000000 0.15
27 57 3 10727 1000000000000 0.15
28 58 3 10728 1000000000000 0.15
29 59 3 10729 1000000000000 0.15
10 40 3 10810 1000000000000 0.15
11 41 3 10811 1000000000000 0.15
12 42 3 10812 1000000000000 0.15
13 43 3 10813 1000000000000 0.15
14 44 3 10814 1000000000000 0.15
15 45 3 10815 1000000000000 0.15
16 46 3 10816 1000000000000 0.15
17 47 3 10817 1000000000000 0.15
18 48 3 10818 1000000000000 0.15
19 49 3 10819 1000000000000 0.15
20 50 3 10820 1000000000000 0.15
21 51 3 10821 1000000000000 0.15
22 52 3 10822 1000000000000 0.15
23 53 3 10823 1000000000000 0.15
24 54 3 10824 1000000000000 0.15
25 55 3 10825 1000000000000 0.15
26 56 3 10826 1000000000000 0.15
27 57 3 10827 1000000000000 0.15
28 58 3 10828 1000000000000 0.15
29 59 3 10829 1000000000000 0.15
10 40 3 10910 1000000000000 0.15
11 41 3 10911 1000000000000 0.15
12 42 3 10912 1000000000000 0.15
13 43 3 10913 1000000000000 0.15
14 44 3 10914 1000000000000 0.15
15 45 3 10915 1000000000000 0.15
16 46 3 10916 1000000000000 0.15
17 47 3 10917 1000000000000 0.15
18 48 3 10918 1000000000000 0.15
19 49 3 10919 1000000000000 0.15
20 50 3 10920 1000000000000 0.15
21 51 3 10921 1000000000000 0.15
22 52 3 10922 1000000000000 0.15
23 53 3 10923 1000000000000 0.15
24 54 3 10924 1000000000000 0.15
25 55 3 10925 1000000000000 0.15
26 56 3 10926 1000000000000 0.15
27 57 3 10927 1000000000000 0.15
28 58 3 10928 1000000000000 0.15
29 59 3 10929 1000000000000 0.15