266
0 16 3 11000 1000000000000 0.13
1 16 3 11001 1000000000000 0.15
2 16 3 11002 1000000000000 0.15
3 16 3 11003 1000000000000 0.15
4 16 3 11004 1000000000000 0.15
5 16 3 11005 1000000000000 0.15
6 16 3 11006 1000000000000 0.15
7 16 3 11007 1000000000000 0.15
8 16 3 11008 1000000000000 0.15
9 16 3 11009 1000000000000 0.15
10 16 3 11010 1000000000000 0.15
0 16 3 10000 2800 0.15
1 16 3 10001 2800 0.15
2 16 3 10002 2800 0.15
3 16 3 10003 2800 0.15
4 16 3 10004 2800 0.15
5 16 3 10005 2800 0.15
6 16 3 10006 2800 0.15
7 16 3 10007 2800 0.15
8 16 3 10008 2800 0.15
9 16 3 10009 2800 0.15
10 16 3 10010 2800 0.15
11 16 3 10011 2800 0.15
12 16 3 10012 2800 0.15
13 16 3 10013 2800 0.15
14 16 3 10014 2800 0.15
15 16 3 10015 2800 0.15
17 16 3 10017 2800 0.15
18 16 3 10018 2800 0.15
19 16 3 10019 2800 0.15
20 16 3 10020 2800 0.15
21 16 3 10021 2800 0.15
22 16 3 10022 2800 0.15
23 16 3 10023 2800 0.15
24 16 3 10024 2800 0.15
25 16 3 10025 2800 0.15
26 16 3 10026 2800 0.15
27 16 3 10027 2800 0.15
28 16 3 10028 2800 0.15
29 16 3 10029 2800 0.15
30 16 3 10030 2800 0.15
31 16 3 10031 2800 0.15
32 16 3 10032 2800 0.15
33 16 3 10033 2800 0.15
34 16 3 10034 2800 0.15
35 16 3 10035 2800 0.15
36 16 3 10036 2800 0.15
37 16 3 10037 2800 0.15
38 16 3 10038 2800 0.15
39 16 3 10039 2800 0.15
40 16 3 10040 2800 0.15
41 16 3 10041 2800 0.15
42 16 3 10042 2800 0.15
43 16 3 10043 2800 0.15
44 16 3 10044 2800 0.15
45 16 3 10045 2800 0.15
46 16 3 10046 2800 0.15
47 16 3 10047 2800 0.15
48 16 3 10048 2800 0.15
49 16 3 10049 2800 0.15
50 16 3 10050 2800 0.15
51 16 3 10051 2800 0.15
52 16 3 10052 2800 0.15
53 16 3 10053 2800 0.15
54 16 3 10054 2800 0.15
55 16 3 10055 2800 0.15
56 16 3 10056 2800 0.15
57 16 3 10057 2800 0.15
58 16 3 10058 2800 0.15
59 16 3 10059 2800 0.15
60 16 3 10060 2800 0.15
61 16 3 10061 2800 0.15
62 16 3 10062 2800 0.15
63 16 3 10063 2800 0.15
64 16 3 10064 2800 0.15
65 16 3 10065 2800 0.15
66 16 3 10066 2800 0.15
67 16 3 10067 2800 0.15
68 16 3 10068 2800 0.15
69 16 3 10069 2800 0.15
70 16 3 10070 2800 0.15
71 16 3 10071 2800 0.15
72 16 3 10072 2800 0.15
73 16 3 10073 2800 0.15
74 16 3 10074 2800 0.15
75 16 3 10075 2800 0.15
76 16 3 10076 2800 0.15
77 16 3 10077 2800 0.15
78 16 3 10078 2800 0.15
79 16 3 10079 2800 0.15
80 16 3 10080 2800 0.15
81 16 3 10081 2800 0.15
82 16 3 10082 2800 0.15
83 16 3 10083 2800 0.15
84 16 3 10084 2800 0.15
85 16 3 10085 2800 0.15
86 16 3 10086 2800 0.15
87 16 3 10087 2800 0.15
88 16 3 10088 2800 0.15
89 16 3 10089 2800 0.15
90 16 3 10090 2800 0.15
91 16 3 10091 2800 0.15
92 16 3 10092 2800 0.15
93 16 3 10093 2800 0.15
94 16 3 10094 2800 0.15
95 16 3 10095 2800 0.15
96 16 3 10096 2800 0.15
97 16 3 10097 2800 0.15
98 16 3 10098 2800 0.15
99 16 3 10099 2800 0.15
100 16 3 10100 2800 0.15
101 16 3 10101 2800 0.15
102 16 3 10102 2800 0.15
103 16 3 10103 2800 0.15
104 16 3 10104 2800 0.15
105 16 3 10105 2800 0.15
106 16 3 10106 2800 0.15
107 16 3 10107 2800 0.15
108 16 3 10108 2800 0.15
109 16 3 10109 2800 0.15
110 16 3 10110 2800 0.15
111 16 3 10111 2800 0.15
112 16 3 10112 2800 0.15
113 16 3 10113 2800 0.15
114 16 3 10114 2800 0.15
115 16 3 10115 2800 0.15
116 16 3 10116 2800 0.15
117 16 3 10117 2800 0.15
118 16 3 10118 2800 0.15
119 16 3 10119 2800 0.15
120 16 3 10120 2800 0.15
121 16 3 10121 2800 0.15
122 16 3 10122 2800 0.15
123 16 3 10123 2800 0.15
124 16 3 10124 2800 0.15
125 16 3 10125 2800 0.15
126 16 3 10126 2800 0.15
127 16 3 10127 2800 0.15
128 16 3 10128 2800 0.15
129 16 3 10129 2800 0.15
130 16 3 10130 2800 0.15
131 16 3 10131 2800 0.15
132 16 3 10132 2800 0.15
133 16 3 10133 2800 0.15
134 16 3 10134 2800 0.15
135 16 3 10135 2800 0.15
136 16 3 10136 2800 0.15
137 16 3 10137 2800 0.15
138 16 3 10138 2800 0.15
139 16 3 10139 2800 0.15
140 16 3 10140 2800 0.15
141 16 3 10141 2800 0.15
142 16 3 10142 2800 0.15
143 16 3 10143 2800 0.15
144 16 3 10144 2800 0.15
145 16 3 10145 2800 0.15
146 16 3 10146 2800 0.15
147 16 3 10147 2800 0.15
148 16 3 10148 2800 0.15
149 16 3 10149 2800 0.15
150 16 3 10150 2800 0.15
151 16 3 10151 2800 0.15
152 16 3 10152 2800 0.15
153 16 3 10153 2800 0.15
154 16 3 10154 2800 0.15
155 16 3 10155 2800 0.15
156 16 3 10156 2800 0.15
157 16 3 10157 2800 0.15
158 16 3 10158 2800 0.15
159 16 3 10159 2800 0.15
160 16 3 10160 2800 0.15
161 16 3 10161 2800 0.15
162 16 3 10162 2800 0.15
163 16 3 10163 2800 0.15
164 16 3 10164 2800 0.15
165 16 3 10165 2800 0.15
166 16 3 10166 2800 0.15
167 16 3 10167 2800 0.15
168 16 3 10168 2800 0.15
169 16 3 10169 2800 0.15
170 16 3 10170 2800 0.15
171 16 3 10171 2800 0.15
172 16 3 10172 2800 0.15
173 16 3 10173 2800 0.15
174 16 3 10174 2800 0.15
175 16 3 10175 2800 0.15
176 16 3 10176 2800 0.15
177 16 3 10177 2800 0.15
178 16 3 10178 2800 0.15
179 16 3 10179 2800 0.15
180 16 3 10180 2800 0.15
181 16 3 10181 2800 0.15
182 16 3 10182 2800 0.15
183 16 3 10183 2800 0.15
184 16 3 10184 2800 0.15
185 16 3 10185 2800 0.15
186 16 3 10186 2800 0.15
187 16 3 10187 2800 0.15
188 16 3 10188 2800 0.15
189 16 3 10189 2800 0.15
190 16 3 10190 2800 0.15
191 16 3 10191 2800 0.15
192 16 3 10192 2800 0.15
193 16 3 10193 2800 0.15
194 16 3 10194 2800 0.15
195 16 3 10195 2800 0.15
196 16 3 10196 2800 0.15
197 16 3 10197 2800 0.15
198 16 3 10198 2800 0.15
199 16 3 10199 2800 0.15
200 16 3 10200 2800 0.15
201 16 3 10201 2800 0.15
202 16 3 10202 2800 0.15
203 16 3 10203 2800 0.15
204 16 3 10204 2800 0.15
205 16 3 10205 2800 0.15
206 16 3 10206 2800 0.15
207 16 3 10207 2800 0.15
208 16 3 10208 2800 0.15
209 16 3 10209 2800 0.15
210 16 3 10210 2800 0.15
211 16 3 10211 2800 0.15
212 16 3 10212 2800 0.15
213 16 3 10213 2800 0.15
214 16 3 10214 2800 0.15
215 16 3 10215 2800 0.15
216 16 3 10216 2800 0.15
217 16 3 10217 2800 0.15
218 16 3 10218 2800 0.15
219 16 3 10219 2800 0.15
220 16 3 10220 2800 0.15
221 16 3 10221 2800 0.15
222 16 3 10222 2800 0.15
223 16 3 10223 2800 0.15
224 16 3 10224 2800 0.15
225 16 3 10225 2800 0.15
226 16 3 10226 2800 0.15
227 16 3 10227 2800 0.15
228 16 3 10228 2800 0.15
229 16 3 10229 2800 0.15
230 16 3 10230 2800 0.15
231 16 3 10231 2800 0.15
232 16 3 10232 2800 0.15
233 16 3 10233 2800 0.15
234 16 3 10234 2800 0.15
235 16 3 10235 2800 0.15
236 16 3 10236 2800 0.15
237 16 3 10237 2800 0.15
238 16 3 10238 2800 0.15
239 16 3 10239 2800 0.15
240 16 3 10240 2800 0.15
241 16 3 10241 2800 0.15
242 16 3 10242 2800 0.15
243 16 3 10243 2800 0.15
244 16 3 10244 2800 0.15
245 16 3 10245 2800 0.15
246 16 3 10246 2800 0.15
247 16 3 10247 2800 0.15
248 16 3 10248 2800 0.15
249 16 3 10249 2800 0.15
250 16 3 10250 2800 0.15
251 16 3 10251 2800 0.15
252 16 3 10252 2800 0.15
253 16 3 10253 2800 0.15
254 16 3 10254 2800 0.15
255 16 3 10255 2800 0.15