276 20 8 288
256 257 258 259 260 261 262 263 264 265 266 267 268 269 270 271 272 273 274 275
0 256 25000000000.0 1us 0
1 256 25000000000.0 1us 0
2 256 25000000000.0 1us 0
3 256 25000000000.0 1us 0
4 256 25000000000.0 1us 0
5 256 25000000000.0 1us 0
6 256 25000000000.0 1us 0
7 256 25000000000.0 1us 0
8 256 25000000000.0 1us 0
9 256 25000000000.0 1us 0
10 256 25000000000.0 1us 0
11 256 25000000000.0 1us 0
12 256 25000000000.0 1us 0
13 256 25000000000.0 1us 0
14 256 25000000000.0 1us 0
15 256 25000000000.0 1us 0
16 256 25000000000.0 1us 0
17 256 25000000000.0 1us 0
18 256 25000000000.0 1us 0
19 256 25000000000.0 1us 0
20 256 25000000000.0 1us 0
21 256 25000000000.0 1us 0
22 256 25000000000.0 1us 0
23 256 25000000000.0 1us 0
24 256 25000000000.0 1us 0
25 256 25000000000.0 1us 0
26 256 25000000000.0 1us 0
27 256 25000000000.0 1us 0
28 256 25000000000.0 1us 0
29 256 25000000000.0 1us 0
30 256 25000000000.0 1us 0
31 256 25000000000.0 1us 0
32 257 25000000000.0 1us 0
33 257 25000000000.0 1us 0
34 257 25000000000.0 1us 0
35 257 25000000000.0 1us 0
36 257 25000000000.0 1us 0
37 257 25000000000.0 1us 0
38 257 25000000000.0 1us 0
39 257 25000000000.0 1us 0
40 257 25000000000.0 1us 0
41 257 25000000000.0 1us 0
42 257 25000000000.0 1us 0
43 257 25000000000.0 1us 0
44 257 25000000000.0 1us 0
45 257 25000000000.0 1us 0
46 257 25000000000.0 1us 0
47 257 25000000000.0 1us 0
48 257 25000000000.0 1us 0
49 257 25000000000.0 1us 0
50 257 25000000000.0 1us 0
51 257 25000000000.0 1us 0
52 257 25000000000.0 1us 0
53 257 25000000000.0 1us 0
54 257 25000000000.0 1us 0
55 257 25000000000.0 1us 0
56 257 25000000000.0 1us 0
57 257 25000000000.0 1us 0
58 257 25000000000.0 1us 0
59 257 25000000000.0 1us 0
60 257 25000000000.0 1us 0
61 257 25000000000.0 1us 0
62 257 25000000000.0 1us 0
63 257 25000000000.0 1us 0
64 258 25000000000.0 1us 0
65 258 25000000000.0 1us 0
66 258 25000000000.0 1us 0
67 258 25000000000.0 1us 0
68 258 25000000000.0 1us 0
69 258 25000000000.0 1us 0
70 258 25000000000.0 1us 0
71 258 25000000000.0 1us 0
72 258 25000000000.0 1us 0
73 258 25000000000.0 1us 0
74 258 25000000000.0 1us 0
75 258 25000000000.0 1us 0
76 258 25000000000.0 1us 0
77 258 25000000000.0 1us 0
78 258 25000000000.0 1us 0
79 258 25000000000.0 1us 0
80 258 25000000000.0 1us 0
81 258 25000000000.0 1us 0
82 258 25000000000.0 1us 0
83 258 25000000000.0 1us 0
84 258 25000000000.0 1us 0
85 258 25000000000.0 1us 0
86 258 25000000000.0 1us 0
87 258 25000000000.0 1us 0
88 258 25000000000.0 1us 0
89 258 25000000000.0 1us 0
90 258 25000000000.0 1us 0
91 258 25000000000.0 1us 0
92 258 25000000000.0 1us 0
93 258 25000000000.0 1us 0
94 258 25000000000.0 1us 0
95 258 25000000000.0 1us 0
96 259 25000000000.0 1us 0
97 259 25000000000.0 1us 0
98 259 25000000000.0 1us 0
99 259 25000000000.0 1us 0
100 259 25000000000.0 1us 0
101 259 25000000000.0 1us 0
102 259 25000000000.0 1us 0
103 259 25000000000.0 1us 0
104 259 25000000000.0 1us 0
105 259 25000000000.0 1us 0
106 259 25000000000.0 1us 0
107 259 25000000000.0 1us 0
108 259 25000000000.0 1us 0
109 259 25000000000.0 1us 0
110 259 25000000000.0 1us 0
111 259 25000000000.0 1us 0
112 259 25000000000.0 1us 0
113 259 25000000000.0 1us 0
114 259 25000000000.0 1us 0
115 259 25000000000.0 1us 0
116 259 25000000000.0 1us 0
117 259 25000000000.0 1us 0
118 259 25000000000.0 1us 0
119 259 25000000000.0 1us 0
120 259 25000000000.0 1us 0
121 259 25000000000.0 1us 0
122 259 25000000000.0 1us 0
123 259 25000000000.0 1us 0
124 259 25000000000.0 1us 0
125 259 25000000000.0 1us 0
126 259 25000000000.0 1us 0
127 259 25000000000.0 1us 0
128 260 25000000000.0 1us 0
129 260 25000000000.0 1us 0
130 260 25000000000.0 1us 0
131 260 25000000000.0 1us 0
132 260 25000000000.0 1us 0
133 260 25000000000.0 1us 0
134 260 25000000000.0 1us 0
135 260 25000000000.0 1us 0
136 260 25000000000.0 1us 0
137 260 25000000000.0 1us 0
138 260 25000000000.0 1us 0
139 260 25000000000.0 1us 0
140 260 25000000000.0 1us 0
141 260 25000000000.0 1us 0
142 260 25000000000.0 1us 0
143 260 25000000000.0 1us 0
144 260 25000000000.0 1us 0
145 260 25000000000.0 1us 0
146 260 25000000000.0 1us 0
147 260 25000000000.0 1us 0
148 260 25000000000.0 1us 0
149 260 25000000000.0 1us 0
150 260 25000000000.0 1us 0
151 260 25000000000.0 1us 0
152 260 25000000000.0 1us 0
153 260 25000000000.0 1us 0
154 260 25000000000.0 1us 0
155 260 25000000000.0 1us 0
156 260 25000000000.0 1us 0
157 260 25000000000.0 1us 0
158 260 25000000000.0 1us 0
159 260 25000000000.0 1us 0
160 261 25000000000.0 1us 0
161 261 25000000000.0 1us 0
162 261 25000000000.0 1us 0
163 261 25000000000.0 1us 0
164 261 25000000000.0 1us 0
165 261 25000000000.0 1us 0
166 261 25000000000.0 1us 0
167 261 25000000000.0 1us 0
168 261 25000000000.0 1us 0
169 261 25000000000.0 1us 0
170 261 25000000000.0 1us 0
171 261 25000000000.0 1us 0
172 261 25000000000.0 1us 0
173 261 25000000000.0 1us 0
174 261 25000000000.0 1us 0
175 261 25000000000.0 1us 0
176 261 25000000000.0 1us 0
177 261 25000000000.0 1us 0
178 261 25000000000.0 1us 0
179 261 25000000000.0 1us 0
180 261 25000000000.0 1us 0
181 261 25000000000.0 1us 0
182 261 25000000000.0 1us 0
183 261 25000000000.0 1us 0
184 261 25000000000.0 1us 0
185 261 25000000000.0 1us 0
186 261 25000000000.0 1us 0
187 261 25000000000.0 1us 0
188 261 25000000000.0 1us 0
189 261 25000000000.0 1us 0
190 261 25000000000.0 1us 0
191 261 25000000000.0 1us 0
192 262 25000000000.0 1us 0
193 262 25000000000.0 1us 0
194 262 25000000000.0 1us 0
195 262 25000000000.0 1us 0
196 262 25000000000.0 1us 0
197 262 25000000000.0 1us 0
198 262 25000000000.0 1us 0
199 262 25000000000.0 1us 0
200 262 25000000000.0 1us 0
201 262 25000000000.0 1us 0
202 262 25000000000.0 1us 0
203 262 25000000000.0 1us 0
204 262 25000000000.0 1us 0
205 262 25000000000.0 1us 0
206 262 25000000000.0 1us 0
207 262 25000000000.0 1us 0
208 262 25000000000.0 1us 0
209 262 25000000000.0 1us 0
210 262 25000000000.0 1us 0
211 262 25000000000.0 1us 0
212 262 25000000000.0 1us 0
213 262 25000000000.0 1us 0
214 262 25000000000.0 1us 0
215 262 25000000000.0 1us 0
216 262 25000000000.0 1us 0
217 262 25000000000.0 1us 0
218 262 25000000000.0 1us 0
219 262 25000000000.0 1us 0
220 262 25000000000.0 1us 0
221 262 25000000000.0 1us 0
222 262 25000000000.0 1us 0
223 262 25000000000.0 1us 0
224 263 25000000000.0 1us 0
225 263 25000000000.0 1us 0
226 263 25000000000.0 1us 0
227 263 25000000000.0 1us 0
228 263 25000000000.0 1us 0
229 263 25000000000.0 1us 0
230 263 25000000000.0 1us 0
231 263 25000000000.0 1us 0
232 263 25000000000.0 1us 0
233 263 25000000000.0 1us 0
234 263 25000000000.0 1us 0
235 263 25000000000.0 1us 0
236 263 25000000000.0 1us 0
237 263 25000000000.0 1us 0
238 263 25000000000.0 1us 0
239 263 25000000000.0 1us 0
240 263 25000000000.0 1us 0
241 263 25000000000.0 1us 0
242 263 25000000000.0 1us 0
243 263 25000000000.0 1us 0
244 263 25000000000.0 1us 0
245 263 25000000000.0 1us 0
246 263 25000000000.0 1us 0
247 263 25000000000.0 1us 0
248 263 25000000000.0 1us 0
249 263 25000000000.0 1us 0
250 263 25000000000.0 1us 0
251 263 25000000000.0 1us 0
252 263 25000000000.0 1us 0
253 263 25000000000.0 1us 0
254 263 25000000000.0 1us 0
255 263 25000000000.0 1us 0
256 264 100000000000.0 1us 0
256 265 100000000000.0 1us 0
257 264 100000000000.0 1us 0
257 265 100000000000.0 1us 0
258 266 100000000000.0 1us 0
258 267 100000000000.0 1us 0
259 266 100000000000.0 1us 0
259 267 100000000000.0 1us 0
260 268 100000000000.0 1us 0
260 269 100000000000.0 1us 0
261 268 100000000000.0 1us 0
261 269 100000000000.0 1us 0
262 270 100000000000.0 1us 0
262 271 100000000000.0 1us 0
263 270 100000000000.0 1us 0
263 271 100000000000.0 1us 0
264 272 100000000000.0 5us 0
264 273 100000000000.0 5us 0
265 274 100000000000.0 5us 0
265 275 100000000000.0 5us 0
266 272 100000000000.0 5us 0
266 273 100000000000.0 5us 0
267 274 100000000000.0 5us 0
267 275 100000000000.0 5us 0
268 272 100000000000.0 5us 0
268 273 100000000000.0 5us 0
269 274 100000000000.0 5us 0
269 275 100000000000.0 5us 0
270 272 100000000000.0 5us 0
270 273 100000000000.0 5us 0
271 274 100000000000.0 5us 0
271 275 100000000000.0 5us 0