288 32 16 512 25000000000 25000000000
256 257 258 259 260 261 262 263 264 265 266 267 268 269 270 271 272 273 274 275 276 277 278 279 280 281 282 283 284 285 286 287 
0 256 25000000000 2us 0
1 256 25000000000 2us 0
2 256 25000000000 2us 0
3 256 25000000000 2us 0
4 256 25000000000 2us 0
5 256 25000000000 2us 0
6 256 25000000000 2us 0
7 256 25000000000 2us 0
8 256 25000000000 2us 0
9 256 25000000000 2us 0
10 256 25000000000 2us 0
11 256 25000000000 2us 0
12 256 25000000000 2us 0
13 256 25000000000 2us 0
14 256 25000000000 2us 0
15 256 25000000000 2us 0
16 257 25000000000 2us 0
17 257 25000000000 2us 0
18 257 25000000000 2us 0
19 257 25000000000 2us 0
20 257 25000000000 2us 0
21 257 25000000000 2us 0
22 257 25000000000 2us 0
23 257 25000000000 2us 0
24 257 25000000000 2us 0
25 257 25000000000 2us 0
26 257 25000000000 2us 0
27 257 25000000000 2us 0
28 257 25000000000 2us 0
29 257 25000000000 2us 0
30 257 25000000000 2us 0
31 257 25000000000 2us 0
32 258 25000000000 2us 0
33 258 25000000000 2us 0
34 258 25000000000 2us 0
35 258 25000000000 2us 0
36 258 25000000000 2us 0
37 258 25000000000 2us 0
38 258 25000000000 2us 0
39 258 25000000000 2us 0
40 258 25000000000 2us 0
41 258 25000000000 2us 0
42 258 25000000000 2us 0
43 258 25000000000 2us 0
44 258 25000000000 2us 0
45 258 25000000000 2us 0
46 258 25000000000 2us 0
47 258 25000000000 2us 0
48 259 25000000000 2us 0
49 259 25000000000 2us 0
50 259 25000000000 2us 0
51 259 25000000000 2us 0
52 259 25000000000 2us 0
53 259 25000000000 2us 0
54 259 25000000000 2us 0
55 259 25000000000 2us 0
56 259 25000000000 2us 0
57 259 25000000000 2us 0
58 259 25000000000 2us 0
59 259 25000000000 2us 0
60 259 25000000000 2us 0
61 259 25000000000 2us 0
62 259 25000000000 2us 0
63 259 25000000000 2us 0
64 260 25000000000 2us 0
65 260 25000000000 2us 0
66 260 25000000000 2us 0
67 260 25000000000 2us 0
68 260 25000000000 2us 0
69 260 25000000000 2us 0
70 260 25000000000 2us 0
71 260 25000000000 2us 0
72 260 25000000000 2us 0
73 260 25000000000 2us 0
74 260 25000000000 2us 0
75 260 25000000000 2us 0
76 260 25000000000 2us 0
77 260 25000000000 2us 0
78 260 25000000000 2us 0
79 260 25000000000 2us 0
80 261 25000000000 2us 0
81 261 25000000000 2us 0
82 261 25000000000 2us 0
83 261 25000000000 2us 0
84 261 25000000000 2us 0
85 261 25000000000 2us 0
86 261 25000000000 2us 0
87 261 25000000000 2us 0
88 261 25000000000 2us 0
89 261 25000000000 2us 0
90 261 25000000000 2us 0
91 261 25000000000 2us 0
92 261 25000000000 2us 0
93 261 25000000000 2us 0
94 261 25000000000 2us 0
95 261 25000000000 2us 0
96 262 25000000000 2us 0
97 262 25000000000 2us 0
98 262 25000000000 2us 0
99 262 25000000000 2us 0
100 262 25000000000 2us 0
101 262 25000000000 2us 0
102 262 25000000000 2us 0
103 262 25000000000 2us 0
104 262 25000000000 2us 0
105 262 25000000000 2us 0
106 262 25000000000 2us 0
107 262 25000000000 2us 0
108 262 25000000000 2us 0
109 262 25000000000 2us 0
110 262 25000000000 2us 0
111 262 25000000000 2us 0
112 263 25000000000 2us 0
113 263 25000000000 2us 0
114 263 25000000000 2us 0
115 263 25000000000 2us 0
116 263 25000000000 2us 0
117 263 25000000000 2us 0
118 263 25000000000 2us 0
119 263 25000000000 2us 0
120 263 25000000000 2us 0
121 263 25000000000 2us 0
122 263 25000000000 2us 0
123 263 25000000000 2us 0
124 263 25000000000 2us 0
125 263 25000000000 2us 0
126 263 25000000000 2us 0
127 263 25000000000 2us 0
128 264 25000000000 2us 0
129 264 25000000000 2us 0
130 264 25000000000 2us 0
131 264 25000000000 2us 0
132 264 25000000000 2us 0
133 264 25000000000 2us 0
134 264 25000000000 2us 0
135 264 25000000000 2us 0
136 264 25000000000 2us 0
137 264 25000000000 2us 0
138 264 25000000000 2us 0
139 264 25000000000 2us 0
140 264 25000000000 2us 0
141 264 25000000000 2us 0
142 264 25000000000 2us 0
143 264 25000000000 2us 0
144 265 25000000000 2us 0
145 265 25000000000 2us 0
146 265 25000000000 2us 0
147 265 25000000000 2us 0
148 265 25000000000 2us 0
149 265 25000000000 2us 0
150 265 25000000000 2us 0
151 265 25000000000 2us 0
152 265 25000000000 2us 0
153 265 25000000000 2us 0
154 265 25000000000 2us 0
155 265 25000000000 2us 0
156 265 25000000000 2us 0
157 265 25000000000 2us 0
158 265 25000000000 2us 0
159 265 25000000000 2us 0
160 266 25000000000 2us 0
161 266 25000000000 2us 0
162 266 25000000000 2us 0
163 266 25000000000 2us 0
164 266 25000000000 2us 0
165 266 25000000000 2us 0
166 266 25000000000 2us 0
167 266 25000000000 2us 0
168 266 25000000000 2us 0
169 266 25000000000 2us 0
170 266 25000000000 2us 0
171 266 25000000000 2us 0
172 266 25000000000 2us 0
173 266 25000000000 2us 0
174 266 25000000000 2us 0
175 266 25000000000 2us 0
176 267 25000000000 2us 0
177 267 25000000000 2us 0
178 267 25000000000 2us 0
179 267 25000000000 2us 0
180 267 25000000000 2us 0
181 267 25000000000 2us 0
182 267 25000000000 2us 0
183 267 25000000000 2us 0
184 267 25000000000 2us 0
185 267 25000000000 2us 0
186 267 25000000000 2us 0
187 267 25000000000 2us 0
188 267 25000000000 2us 0
189 267 25000000000 2us 0
190 267 25000000000 2us 0
191 267 25000000000 2us 0
192 268 25000000000 2us 0
193 268 25000000000 2us 0
194 268 25000000000 2us 0
195 268 25000000000 2us 0
196 268 25000000000 2us 0
197 268 25000000000 2us 0
198 268 25000000000 2us 0
199 268 25000000000 2us 0
200 268 25000000000 2us 0
201 268 25000000000 2us 0
202 268 25000000000 2us 0
203 268 25000000000 2us 0
204 268 25000000000 2us 0
205 268 25000000000 2us 0
206 268 25000000000 2us 0
207 268 25000000000 2us 0
208 269 25000000000 2us 0
209 269 25000000000 2us 0
210 269 25000000000 2us 0
211 269 25000000000 2us 0
212 269 25000000000 2us 0
213 269 25000000000 2us 0
214 269 25000000000 2us 0
215 269 25000000000 2us 0
216 269 25000000000 2us 0
217 269 25000000000 2us 0
218 269 25000000000 2us 0
219 269 25000000000 2us 0
220 269 25000000000 2us 0
221 269 25000000000 2us 0
222 269 25000000000 2us 0
223 269 25000000000 2us 0
224 270 25000000000 2us 0
225 270 25000000000 2us 0
226 270 25000000000 2us 0
227 270 25000000000 2us 0
228 270 25000000000 2us 0
229 270 25000000000 2us 0
230 270 25000000000 2us 0
231 270 25000000000 2us 0
232 270 25000000000 2us 0
233 270 25000000000 2us 0
234 270 25000000000 2us 0
235 270 25000000000 2us 0
236 270 25000000000 2us 0
237 270 25000000000 2us 0
238 270 25000000000 2us 0
239 270 25000000000 2us 0
240 271 25000000000 2us 0
241 271 25000000000 2us 0
242 271 25000000000 2us 0
243 271 25000000000 2us 0
244 271 25000000000 2us 0
245 271 25000000000 2us 0
246 271 25000000000 2us 0
247 271 25000000000 2us 0
248 271 25000000000 2us 0
249 271 25000000000 2us 0
250 271 25000000000 2us 0
251 271 25000000000 2us 0
252 271 25000000000 2us 0
253 271 25000000000 2us 0
254 271 25000000000 2us 0
255 271 25000000000 2us 0
256 272 25000000000 2us 0
256 273 25000000000 2us 0
256 274 25000000000 2us 0
256 275 25000000000 2us 0
256 276 25000000000 2us 0
256 277 25000000000 2us 0
256 278 25000000000 2us 0
256 279 25000000000 2us 0
256 280 25000000000 2us 0
256 281 25000000000 2us 0
256 282 25000000000 2us 0
256 283 25000000000 2us 0
256 284 25000000000 2us 0
256 285 25000000000 2us 0
256 286 25000000000 2us 0
256 287 25000000000 2us 0
257 272 25000000000 2us 0
257 273 25000000000 2us 0
257 274 25000000000 2us 0
257 275 25000000000 2us 0
257 276 25000000000 2us 0
257 277 25000000000 2us 0
257 278 25000000000 2us 0
257 279 25000000000 2us 0
257 280 25000000000 2us 0
257 281 25000000000 2us 0
257 282 25000000000 2us 0
257 283 25000000000 2us 0
257 284 25000000000 2us 0
257 285 25000000000 2us 0
257 286 25000000000 2us 0
257 287 25000000000 2us 0
258 272 25000000000 2us 0
258 273 25000000000 2us 0
258 274 25000000000 2us 0
258 275 25000000000 2us 0
258 276 25000000000 2us 0
258 277 25000000000 2us 0
258 278 25000000000 2us 0
258 279 25000000000 2us 0
258 280 25000000000 2us 0
258 281 25000000000 2us 0
258 282 25000000000 2us 0
258 283 25000000000 2us 0
258 284 25000000000 2us 0
258 285 25000000000 2us 0
258 286 25000000000 2us 0
258 287 25000000000 2us 0
259 272 25000000000 2us 0
259 273 25000000000 2us 0
259 274 25000000000 2us 0
259 275 25000000000 2us 0
259 276 25000000000 2us 0
259 277 25000000000 2us 0
259 278 25000000000 2us 0
259 279 25000000000 2us 0
259 280 25000000000 2us 0
259 281 25000000000 2us 0
259 282 25000000000 2us 0
259 283 25000000000 2us 0
259 284 25000000000 2us 0
259 285 25000000000 2us 0
259 286 25000000000 2us 0
259 287 25000000000 2us 0
260 272 25000000000 2us 0
260 273 25000000000 2us 0
260 274 25000000000 2us 0
260 275 25000000000 2us 0
260 276 25000000000 2us 0
260 277 25000000000 2us 0
260 278 25000000000 2us 0
260 279 25000000000 2us 0
260 280 25000000000 2us 0
260 281 25000000000 2us 0
260 282 25000000000 2us 0
260 283 25000000000 2us 0
260 284 25000000000 2us 0
260 285 25000000000 2us 0
260 286 25000000000 2us 0
260 287 25000000000 2us 0
261 272 25000000000 2us 0
261 273 25000000000 2us 0
261 274 25000000000 2us 0
261 275 25000000000 2us 0
261 276 25000000000 2us 0
261 277 25000000000 2us 0
261 278 25000000000 2us 0
261 279 25000000000 2us 0
261 280 25000000000 2us 0
261 281 25000000000 2us 0
261 282 25000000000 2us 0
261 283 25000000000 2us 0
261 284 25000000000 2us 0
261 285 25000000000 2us 0
261 286 25000000000 2us 0
261 287 25000000000 2us 0
262 272 25000000000 2us 0
262 273 25000000000 2us 0
262 274 25000000000 2us 0
262 275 25000000000 2us 0
262 276 25000000000 2us 0
262 277 25000000000 2us 0
262 278 25000000000 2us 0
262 279 25000000000 2us 0
262 280 25000000000 2us 0
262 281 25000000000 2us 0
262 282 25000000000 2us 0
262 283 25000000000 2us 0
262 284 25000000000 2us 0
262 285 25000000000 2us 0
262 286 25000000000 2us 0
262 287 25000000000 2us 0
263 272 25000000000 2us 0
263 273 25000000000 2us 0
263 274 25000000000 2us 0
263 275 25000000000 2us 0
263 276 25000000000 2us 0
263 277 25000000000 2us 0
263 278 25000000000 2us 0
263 279 25000000000 2us 0
263 280 25000000000 2us 0
263 281 25000000000 2us 0
263 282 25000000000 2us 0
263 283 25000000000 2us 0
263 284 25000000000 2us 0
263 285 25000000000 2us 0
263 286 25000000000 2us 0
263 287 25000000000 2us 0
264 272 25000000000 2us 0
264 273 25000000000 2us 0
264 274 25000000000 2us 0
264 275 25000000000 2us 0
264 276 25000000000 2us 0
264 277 25000000000 2us 0
264 278 25000000000 2us 0
264 279 25000000000 2us 0
264 280 25000000000 2us 0
264 281 25000000000 2us 0
264 282 25000000000 2us 0
264 283 25000000000 2us 0
264 284 25000000000 2us 0
264 285 25000000000 2us 0
264 286 25000000000 2us 0
264 287 25000000000 2us 0
265 272 25000000000 2us 0
265 273 25000000000 2us 0
265 274 25000000000 2us 0
265 275 25000000000 2us 0
265 276 25000000000 2us 0
265 277 25000000000 2us 0
265 278 25000000000 2us 0
265 279 25000000000 2us 0
265 280 25000000000 2us 0
265 281 25000000000 2us 0
265 282 25000000000 2us 0
265 283 25000000000 2us 0
265 284 25000000000 2us 0
265 285 25000000000 2us 0
265 286 25000000000 2us 0
265 287 25000000000 2us 0
266 272 25000000000 2us 0
266 273 25000000000 2us 0
266 274 25000000000 2us 0
266 275 25000000000 2us 0
266 276 25000000000 2us 0
266 277 25000000000 2us 0
266 278 25000000000 2us 0
266 279 25000000000 2us 0
266 280 25000000000 2us 0
266 281 25000000000 2us 0
266 282 25000000000 2us 0
266 283 25000000000 2us 0
266 284 25000000000 2us 0
266 285 25000000000 2us 0
266 286 25000000000 2us 0
266 287 25000000000 2us 0
267 272 25000000000 2us 0
267 273 25000000000 2us 0
267 274 25000000000 2us 0
267 275 25000000000 2us 0
267 276 25000000000 2us 0
267 277 25000000000 2us 0
267 278 25000000000 2us 0
267 279 25000000000 2us 0
267 280 25000000000 2us 0
267 281 25000000000 2us 0
267 282 25000000000 2us 0
267 283 25000000000 2us 0
267 284 25000000000 2us 0
267 285 25000000000 2us 0
267 286 25000000000 2us 0
267 287 25000000000 2us 0
268 272 25000000000 2us 0
268 273 25000000000 2us 0
268 274 25000000000 2us 0
268 275 25000000000 2us 0
268 276 25000000000 2us 0
268 277 25000000000 2us 0
268 278 25000000000 2us 0
268 279 25000000000 2us 0
268 280 25000000000 2us 0
268 281 25000000000 2us 0
268 282 25000000000 2us 0
268 283 25000000000 2us 0
268 284 25000000000 2us 0
268 285 25000000000 2us 0
268 286 25000000000 2us 0
268 287 25000000000 2us 0
269 272 25000000000 2us 0
269 273 25000000000 2us 0
269 274 25000000000 2us 0
269 275 25000000000 2us 0
269 276 25000000000 2us 0
269 277 25000000000 2us 0
269 278 25000000000 2us 0
269 279 25000000000 2us 0
269 280 25000000000 2us 0
269 281 25000000000 2us 0
269 282 25000000000 2us 0
269 283 25000000000 2us 0
269 284 25000000000 2us 0
269 285 25000000000 2us 0
269 286 25000000000 2us 0
269 287 25000000000 2us 0
270 272 25000000000 2us 0
270 273 25000000000 2us 0
270 274 25000000000 2us 0
270 275 25000000000 2us 0
270 276 25000000000 2us 0
270 277 25000000000 2us 0
270 278 25000000000 2us 0
270 279 25000000000 2us 0
270 280 25000000000 2us 0
270 281 25000000000 2us 0
270 282 25000000000 2us 0
270 283 25000000000 2us 0
270 284 25000000000 2us 0
270 285 25000000000 2us 0
270 286 25000000000 2us 0
270 287 25000000000 2us 0
271 272 25000000000 2us 0
271 273 25000000000 2us 0
271 274 25000000000 2us 0
271 275 25000000000 2us 0
271 276 25000000000 2us 0
271 277 25000000000 2us 0
271 278 25000000000 2us 0
271 279 25000000000 2us 0
271 280 25000000000 2us 0
271 281 25000000000 2us 0
271 282 25000000000 2us 0
271 283 25000000000 2us 0
271 284 25000000000 2us 0
271 285 25000000000 2us 0
271 286 25000000000 2us 0
271 287 25000000000 2us 0
